49
AC0090-Ca_UGS_gt1_zzb2_dup0_indel2_clu0_tag1  0.0000000 0.0000010 0.4261210 0.4261210 0.3947182 0.0016120 0.2465112 0.0965947 0.4266130 0.5775948 0.3856958 0.3912654 0.5133514 0.0114360 0.4676417 0.4917474 0.4302694 0.3698139 0.2465112 0.0913705 0.4804717 0.3356084 0.5775948 0.4226778 0.4128543 0.1118830 0.0032366 0.3530433 0.3591073 0.2220884 0.4804717 0.4226778 0.4156682 0.3669441 0.4008699 0.3631012 0.1978800 0.3734536 0.4008699 0.3912654 0.4197900 0.4296893 0.2392421 0.2767875 0.4266130 0.4231786 0.0016120 0.3677765 0.3856958 
AC0090-Cb_UGS_gt1_zzb2_dup0_indel2_clu0_tag1  0.0000010 0.0000000 0.4261210 0.4261210 0.3947182 0.0016120 0.2465112 0.0965947 0.4266130 0.5775948 0.3856958 0.3912654 0.5133514 0.0114360 0.4676417 0.4917474 0.4302694 0.3698139 0.2465112 0.0913705 0.4804717 0.3356084 0.5775948 0.4226778 0.4128543 0.1118830 0.0032366 0.3530433 0.3591073 0.2220884 0.4804717 0.4226778 0.4156682 0.3669441 0.4008699 0.3631012 0.1978800 0.3734536 0.4008699 0.3912654 0.4197900 0.4296893 0.2392421 0.2767875 0.4266130 0.4231786 0.0016120 0.3677765 0.3856958 
AC0093-Cb_UGS_gt0_zzb1_dup1_indel1_clu1_tag0  0.4261210 0.4261210 0.0000000 0.0000010 0.4807313 0.4225286 0.4533754 0.3994932 0.3718701 0.5410117 0.4167926 0.4225987 0.4235935 0.4161994 0.5596844 0.5552781 0.0016086 0.4501207 0.4533754 0.3987791 0.5013606 0.4923458 0.5410117 0.5408846 0.3361100 0.4270791 0.4185130 0.1452135 0.4082277 0.3733549 0.5013606 0.5408846 0.1175215 0.1955193 0.4876111 0.3458072 0.4099473 0.3547430 0.4876111 0.4225987 0.5376455 0.0016062 0.3268709 0.3419183 0.3718701 0.0016066 0.4226048 0.4654435 0.4167926 
AC0094-Ca_UGS_gt0_zzb1_dup0_indel1_clu1_tag0  0.4261210 0.4261210 0.0000010 0.0000000 0.4807313 0.4225286 0.4533754 0.3994932 0.3718701 0.5410117 0.4167926 0.4225987 0.4235935 0.4161994 0.5596844 0.5552781 0.0016086 0.4501207 0.4533754 0.3987791 0.5013606 0.4923458 0.5410117 0.5408846 0.3361100 0.4270791 0.4185130 0.1452135 0.4082277 0.3733549 0.5013606 0.5408846 0.1175215 0.1955193 0.4876111 0.3458072 0.4099473 0.3547430 0.4876111 0.4225987 0.5376455 0.0016062 0.3268709 0.3419183 0.3718701 0.0016066 0.4226048 0.4654435 0.4167926 
AC0097-Cb_UGS_gt0_zzb1_dup1_indel1_clu2_tag0  0.3947182 0.3947182 0.4807313 0.4807313 0.0000000 0.3913537 0.4813693 0.3669678 0.4041466 0.2774576 0.3045123 0.3041234 0.5081905 0.3853674 0.4407677 0.4551250 0.4851544 0.5722543 0.4813693 0.3694216 0.5865895 0.5238672 0.2774576 0.5140610 0.2622202 0.2181331 0.4019416 0.4616334 0.2970440 0.3394013 0.5865895 0.5140610 0.4606754 0.4000319 0.0032465 0.3847771 0.3650874 0.3419586 0.0032465 0.3041234 0.5109172 0.4845290 0.2540952 0.3138906 0.4041466 0.4776691 0.3914071 0.4737332 0.3045123 
AC0098-Cb_UGS_gt1_zzb2_dup1_indel2_clu0_tag1  0.0016120 0.0016120 0.4225286 0.4225286 0.3913537 0.0000000 0.2491569 0.0986013 0.4230172 0.5732276 0.3823658 0.3879129 0.5173676 0.0130915 0.4713964 0.4879021 0.4266524 0.3665190 0.2491569 0.0933337 0.4765933 0.3324959 0.5732276 0.4262199 0.4163138 0.1139327 0.0048630 0.3562630 0.3622992 0.2194986 0.4765933 0.4262199 0.4121151 0.3636670 0.3974766 0.3598516 0.2003383 0.3701880 0.3974766 0.3879129 0.4233205 0.4260764 0.2365897 0.2740052 0.4230172 0.4195986 0.0032275 0.3644805 0.3823658 
AC0104-Ca_UGS_gt0_zzb1_dup1_indel1_clu5_tag0  0.2465112 0.2465112 0.4533754 0.4533754 0.4813693 0.2491569 0.0000000 0.2298966 0.5221564 0.5897723 0.4973359 0.5035605 0.4866059 0.2388942 0.2260528 0.5736846 0.4576461 0.3696495 0.0000010 0.2024315 0.1599856 0.3714078 0.5897723 0.4751473 0.4089618 0.2324101 0.2522103 0.4639955 0.4805653 0.4034043 0.1599856 0.4751473 0.4604861 0.3871060 0.4881914 0.4314365 0.2436058 0.3484733 0.4881914 0.5035605 0.4721411 0.4570448 0.3409410 0.3491430 0.5221564 0.4503836 0.2438450 0.3195566 0.4973359 
AC0108-Ca_UGS_gt1_zzb2_dup1_indel2_clu6_tag1  0.0965947 0.0965947 0.3994932 0.3994932 0.3669678 0.0986013 0.2298966 0.0000000 0.3721705 0.5378091 0.4036660 0.4094106 0.4333046 0.0906714 0.4362451 0.5153419 0.4035074 0.4259478 0.2298966 0.0704779 0.4483776 0.3967845 0.5378091 0.4471562 0.3774251 0.0912870 0.1007935 0.4432923 0.3761745 0.2831776 0.4483776 0.4471562 0.3544587 0.3420146 0.3729823 0.3076685 0.2177434 0.3211646 0.3729823 0.4094106 0.4441652 0.4029514 0.2805800 0.2240340 0.3721705 0.3966093 0.0945713 0.3652785 0.4036660 
AC0109-Ca_UGS_gt0_zzb0_dup0_indel0_clu7_tag0  0.4266130 0.4266130 0.3718701 0.3718701 0.4041466 0.4230172 0.5221564 0.3721705 0.0000000 0.6118889 0.4892299 0.4954962 0.5052462 0.4103369 0.5562754 0.6382334 0.3756175 0.5267077 0.5221564 0.4055073 0.6132731 0.5437941 0.6118889 0.6151143 0.3398292 0.3994560 0.4343231 0.4358969 0.4732917 0.2433891 0.6132731 0.6151143 0.4294371 0.3128866 0.4103945 0.4112413 0.3838383 0.4256967 0.4103945 0.4954962 0.6116028 0.3751057 0.3465854 0.2188315 0.0000010 0.3691395 0.4230938 0.4976263 0.4892299 
AC0112-Cb_UGS_gt0_zzb1_dup0_indel1_clu8_tag0  0.5775948 0.5775948 0.5410117 0.5410117 0.2774576 0.5732276 0.5897723 0.5378091 0.6118889 0.0000000 0.4173245 0.4167711 0.6314726 0.5658814 0.6474041 0.4019134 0.5458544 0.6371413 0.5897723 0.5468961 0.5976589 0.6444870 0.0000010 0.7396648 0.4443561 0.3895237 0.5684670 0.5532697 0.4151315 0.5257568 0.5976589 0.7396648 0.5414018 0.4708228 0.2827257 0.4699740 0.5135188 0.4841775 0.2827257 0.4167711 0.7358296 0.5451684 0.3821525 0.4525795 0.6118889 0.5377390 0.5734463 0.5641147 0.4173245 
AC0113-Cb_UGS_gt0_zzb1_dup1_indel1_clu9_tag0  0.3856958 0.3856958 0.4167926 0.4167926 0.3045123 0.3823658 0.4973359 0.4036660 0.4892299 0.4173245 0.0000000 0.0032576 0.5361380 0.3764225 0.3249583 0.3364862 0.4208541 0.5359618 0.4973359 0.3967302 0.5761049 0.4886593 0.4173245 0.5119597 0.3484247 0.3412153 0.3786298 0.4367678 0.0148459 0.4261449 0.5761049 0.5119597 0.4592803 0.3667019 0.3099248 0.3322761 0.4121764 0.3271807 0.3099248 0.0032576 0.5088152 0.4132737 0.2947250 0.3842971 0.4892299 0.4138989 0.3824138 0.4810688 0.0000010 
AC0114-Ca_UGS_gt0_zzb1_dup1_indel1_clu10_tag0 0.3912654 0.3912654 0.4225987 0.4225987 0.3041234 0.3879129 0.5035605 0.4094106 0.4954962 0.4167711 0.0032576 0.0000000 0.5426510 0.3819400 0.3301920 0.3360589 0.4266889 0.5424415 0.5035605 0.4023698 0.5827752 0.4948431 0.4167711 0.5183739 0.3537437 0.3407668 0.3841531 0.4427679 0.0181796 0.4320631 0.5827752 0.5183739 0.4653897 0.3721538 0.3095283 0.3375236 0.4116260 0.3323746 0.3095283 0.0000010 0.5152154 0.4190559 0.2997825 0.3899284 0.4954962 0.4196925 0.3879643 0.4804214 0.0032576 
AC0115-Ca_UGS_gt0_zzb1_dup0_indel1_clu11_tag0 0.5133514 0.5133514 0.4235935 0.4235935 0.5081905 0.5173676 0.4866059 0.4333046 0.5052462 0.6314726 0.5361380 0.5426510 0.0000000 0.5023657 0.5704232 0.6445935 0.4277186 0.5116962 0.4866059 0.4674231 0.5505744 0.5400392 0.6314726 0.1869542 0.4358537 0.4815095 0.5219697 0.5453963 0.5185113 0.4728053 0.5505744 0.1869542 0.5408796 0.2555562 0.5153493 0.4365506 0.4821451 0.4167974 0.5153493 0.5426510 0.1893392 0.4271422 0.3508330 0.4492867 0.5052462 0.4271090 0.5094556 0.5332785 0.5361380 
AC0116-Ca_UGS_gt1_zzb1_dup0_indel1_clu12_tag1 0.0114360 0.0114360 0.4161994 0.4161994 0.3853674 0.0130915 0.2388942 0.0906714 0.4103369 0.5658814 0.3764225 0.3819400 0.5023657 0.0000000 0.4572820 0.4812655 0.4202884 0.3606085 0.2388942 0.0817551 0.4698760 0.3325368 0.5658814 0.4416942 0.4094223 0.1058451 0.0147803 0.3439639 0.3501160 0.2195188 0.4698760 0.4416942 0.4058343 0.3577826 0.3914485 0.3540094 0.2158151 0.3702340 0.3914485 0.3819400 0.4387458 0.4197185 0.2366131 0.2688617 0.4103369 0.4132855 0.0130817 0.3645265 0.3764225 
AC0117-Ca_UGS_gt0_zzb1_dup0_indel1_clu14_tag1 0.4676417 0.4676417 0.5596844 0.5596844 0.4407677 0.4713964 0.2260528 0.4362451 0.5562754 0.6474041 0.3249583 0.3301920 0.5704232 0.4572820 0.0000000 0.9481019 0.5645860 0.5666003 0.2260528 0.3911575 0.2908213 0.5368526 0.6474041 0.6111144 0.4052861 0.4150904 0.4757271 0.5185390 0.3001843 0.5480154 0.2908213 0.6111144 0.5179998 0.4429165 0.4472716 0.4327522 0.4368834 0.3804211 0.4472716 0.3301920 0.6077005 0.5638925 0.4109564 0.4511239 0.5562754 0.5563945 0.4639681 0.4769539 0.3249583 
AC0117-Cb_UGS_gt0_zzb1_dup0_indel1_clu15_tag0 0.4917474 0.4917474 0.5552781 0.5552781 0.4551250 0.4879021 0.5736846 0.5153419 0.6382334 0.4019134 0.3364862 0.3360589 0.6445935 0.4812655 0.9481019 0.0000000 0.5496939 0.3769752 0.5736846 0.4934141 0.3479176 0.3704170 0.4019134 0.7280825 0.5469399 0.4490198 0.4836424 0.5589947 0.3511423 0.5194406 0.3479176 0.7280825 0.6047004 0.5465334 0.4616771 0.3537330 0.4490776 0.4873839 0.4616771 0.3360589 0.7330078 0.5510589 0.4446637 0.5211823 0.6382334 0.5520013 0.4880300 0.3519252 0.3364862 
AC0118-Cb_UGS_gt0_zzb1_dup1_indel1_clu1_tag0  0.4302694 0.4302694 0.0016086 0.0016086 0.4851544 0.4266524 0.4576461 0.4035074 0.3756175 0.5458544 0.4208541 0.4266889 0.4277186 0.4202884 0.5645860 0.5496939 0.0000000 0.4453084 0.4576461 0.4027400 0.4962020 0.4871805 0.5458544 0.5457613 0.3396032 0.4312566 0.4226113 0.1476027 0.4122500 0.3771794 0.4962020 0.5457613 0.1197616 0.1982413 0.4920757 0.3493894 0.4053840 0.3506384 0.4920757 0.4266889 0.5425055 0.0032225 0.3303738 0.3455358 0.3756175 0.0032235 0.4267318 0.4605336 0.4208541 
AC0119-Ca_UGS_gt0_zzb1_dup0_indel1_clu16_tag0 0.3698139 0.3698139 0.4501207 0.4501207 0.5722543 0.3665190 0.3696495 0.4259478 0.5267077 0.6371413 0.5359618 0.5424415 0.5116962 0.3606085 0.5666003 0.3769752 0.4453084 0.0000000 0.3696495 0.4058467 0.2161657 0.0618073 0.6371413 0.5502600 0.5234847 0.4361238 0.3768978 0.4004580 0.5265719 0.4681305 0.2161657 0.5502600 0.5002369 0.4280694 0.5799122 0.3342141 0.3347484 0.4939012 0.5799122 0.5424415 0.5469848 0.4537710 0.3443998 0.4932115 0.5267077 0.4537206 0.3665582 0.1032075 0.5359618 
AC0120-Cb_UGS_gt0_zzb1_dup1_indel1_clu18_tag0 0.2465112 0.2465112 0.4533754 0.4533754 0.4813693 0.2491569 0.0000010 0.2298966 0.5221564 0.5897723 0.4973359 0.5035605 0.4866059 0.2388942 0.2260528 0.5736846 0.4576461 0.3696495 0.0000000 0.2024315 0.1599856 0.3714078 0.5897723 0.4751473 0.4089618 0.2324101 0.2522103 0.4639955 0.4805653 0.4034043 0.1599856 0.4751473 0.4604861 0.3871060 0.4881914 0.4314365 0.2436058 0.3484733 0.4881914 0.5035605 0.4721411 0.4570448 0.3409410 0.3491430 0.5221564 0.4503836 0.2438450 0.3195566 0.4973359 
AC0122-Cb_UGS_gt1_zzb1_dup0_indel1_clu20_tag1 0.0913705 0.0913705 0.3987791 0.3987791 0.3694216 0.0933337 0.2024315 0.0704779 0.4055073 0.5468961 0.3967302 0.4023698 0.4674231 0.0817551 0.3911575 0.4934141 0.4027400 0.4058467 0.2024315 0.0000000 0.4022461 0.3806293 0.5468961 0.4465043 0.3587489 0.0944597 0.0954712 0.4128283 0.3697642 0.2631791 0.4022461 0.4465043 0.3597307 0.3420347 0.3754130 0.3213435 0.2000043 0.3093994 0.3754130 0.4023698 0.4435496 0.4021917 0.2383828 0.2304431 0.4055073 0.3959323 0.0893915 0.3499674 0.3967302 
AC0127-Cb_UGS_gt0_zzb0_dup0_indel0_clu21_tag0 0.4804717 0.4804717 0.5013606 0.5013606 0.5865895 0.4765933 0.1599856 0.4483776 0.6132731 0.5976589 0.5761049 0.5827752 0.5505744 0.4698760 0.2908213 0.3479176 0.4962020 0.2161657 0.1599856 0.4022461 0.0000000 0.2232175 0.5976589 0.6156686 0.4703251 0.4529281 0.4887554 0.5140055 0.5738369 0.5498567 0.0000010 0.6156686 0.5093876 0.4649716 0.5943010 0.3340262 0.3400267 0.3969656 0.5943010 0.5827752 0.6122144 0.5052458 0.3938063 0.5171306 0.6132731 0.4982537 0.4767139 0.1782071 0.5761049 
AC0130-Cb_UGS_gt0_zzb0_dup0_indel0_clu23_tag0 0.3356084 0.3356084 0.4923458 0.4923458 0.5238672 0.3324959 0.3714078 0.3967845 0.5437941 0.6444870 0.4886593 0.4948431 0.5400392 0.3325368 0.5368526 0.3704170 0.4871805 0.0618073 0.3714078 0.3806293 0.2232175 0.0000000 0.6444870 0.5380839 0.4991518 0.3880905 0.3423041 0.3815788 0.4796473 0.4473888 0.2232175 0.5380839 0.4778391 0.4624859 0.5311172 0.3168865 0.3169841 0.4083805 0.5311172 0.4948431 0.5348569 0.4962406 0.3162982 0.4644845 0.5437941 0.4892201 0.3325173 0.1029211 0.4886593 
AC0133-Cb_UGS_gt0_zzb1_dup0_indel1_clu8_tag0  0.5775948 0.5775948 0.5410117 0.5410117 0.2774576 0.5732276 0.5897723 0.5378091 0.6118889 0.0000010 0.4173245 0.4167711 0.6314726 0.5658814 0.6474041 0.4019134 0.5458544 0.6371413 0.5897723 0.5468961 0.5976589 0.6444870 0.0000000 0.7396648 0.4443561 0.3895237 0.5684670 0.5532697 0.4151315 0.5257568 0.5976589 0.7396648 0.5414018 0.4708228 0.2827257 0.4699740 0.5135188 0.4841775 0.2827257 0.4167711 0.7358296 0.5451684 0.3821525 0.4525795 0.6118889 0.5377390 0.5734463 0.5641147 0.4173245 
AC0135-Cb_UGS_gt0_zzb1_dup1_indel1_clu24_tag0 0.4226778 0.4226778 0.5408846 0.5408846 0.5140610 0.4262199 0.4751473 0.4471562 0.6151143 0.7396648 0.5119597 0.5183739 0.1869542 0.4416942 0.6111144 0.7280825 0.5457613 0.5502600 0.4751473 0.4465043 0.6156686 0.5380839 0.7396648 0.0000000 0.4719206 0.4498178 0.4303262 0.5259440 0.4946540 0.4090355 0.6156686 0.0000010 0.5338258 0.3780259 0.5212945 0.5103734 0.3846180 0.4437101 0.5212945 0.5183739 0.0015950 0.5450704 0.3545520 0.4747037 0.6151143 0.5375890 0.4191854 0.4971234 0.5119597 
AC0137-Ca_UGS_gt0_zzb1_dup0_indel1_clu25_tag0 0.4128543 0.4128543 0.3361100 0.3361100 0.2622202 0.4163138 0.4089618 0.3774251 0.3398292 0.4443561 0.3484247 0.3537437 0.4358537 0.4094223 0.4052861 0.5469399 0.3396032 0.5234847 0.4089618 0.3587489 0.4703251 0.4991518 0.4443561 0.4719206 0.0000000 0.3914327 0.4203272 0.4494652 0.3400788 0.3508910 0.4703251 0.4719206 0.4055317 0.2622328 0.2673225 0.3546805 0.3609518 0.3302053 0.2673225 0.3537437 0.4756175 0.3391376 0.2479806 0.3119787 0.3398292 0.3335148 0.4094376 0.4350633 0.3484247 
AC0137-Cb_UGS_gt1_zzb1_dup0_indel1_clu26_tag1 0.1118830 0.1118830 0.4270791 0.4270791 0.2181331 0.1139327 0.2324101 0.0912870 0.3994560 0.3895237 0.3412153 0.3407668 0.4815095 0.1058451 0.4150904 0.4490198 0.4312566 0.4361238 0.2324101 0.0944597 0.4529281 0.3880905 0.3895237 0.4498178 0.3914327 0.0000000 0.1161918 0.4141633 0.3159172 0.2948907 0.4529281 0.4498178 0.3983082 0.3674945 0.2229511 0.3321639 0.1955055 0.3416356 0.2229511 0.3407668 0.4468415 0.4306722 0.2661665 0.2301924 0.3994560 0.4241174 0.1098141 0.3511095 0.3412153 
AC0140-Cb_UGS_gt1_zzb1_dup2_indel1_clu0_tag1  0.0032366 0.0032366 0.4185130 0.4185130 0.4019416 0.0048630 0.2522103 0.1007935 0.4343231 0.5684670 0.3786298 0.3841531 0.5219697 0.0147803 0.4757271 0.4836424 0.4226113 0.3768978 0.2522103 0.0954712 0.4887554 0.3423041 0.5684670 0.4303262 0.4203272 0.1161918 0.0000000 0.3461657 0.3522887 0.2276326 0.4887554 0.4303262 0.4081391 0.3739897 0.4081549 0.3562012 0.2031447 0.3665213 0.4081549 0.3841531 0.4274142 0.4220396 0.2449283 0.2827654 0.4343231 0.4155957 0.0048593 0.3748634 0.3786298 
AC0150-Ca_UGS_gt0_zzb1_dup1_indel1_clu27_tag0 0.3530433 0.3530433 0.1452135 0.1452135 0.4616334 0.3562630 0.4639955 0.4432923 0.4358969 0.5532697 0.4367678 0.4427679 0.5453963 0.3439639 0.5185390 0.5589947 0.1476027 0.4004580 0.4639955 0.4128283 0.5140055 0.3815788 0.5532697 0.5259440 0.4494652 0.4141633 0.3461657 0.0000000 0.4207311 0.2948300 0.5140055 0.5259440 0.1375040 0.4165849 0.4684214 0.3853474 0.3775315 0.3596831 0.4684214 0.4427679 0.5227354 0.1473854 0.2788086 0.3836097 0.4358969 0.1431849 0.3498352 0.4288976 0.4367678 
AC0150-Cb_UGS_gt0_zzb1_dup1_indel1_clu28_tag0 0.3591073 0.3591073 0.4082277 0.4082277 0.2970440 0.3622992 0.4805653 0.3761745 0.4732917 0.4151315 0.0148459 0.0181796 0.5185113 0.3501160 0.3001843 0.3511423 0.4122500 0.5265719 0.4805653 0.3697642 0.5738369 0.4796473 0.4151315 0.4946540 0.3400788 0.3159172 0.3522887 0.4207311 0.0000000 0.4369409 0.5738369 0.4946540 0.4503027 0.3586271 0.3024170 0.3133455 0.3847030 0.3194665 0.3024170 0.0181796 0.4915539 0.4047416 0.2926065 0.3759679 0.4732917 0.4053502 0.3559293 0.4721494 0.0148459 
AC0151-Ca_UGS_gt0_zzb1_dup1_indel1_clu29_tag0 0.2220884 0.2220884 0.3733549 0.3733549 0.3394013 0.2194986 0.4034043 0.2831776 0.2433891 0.5257568 0.4261449 0.4320631 0.4728053 0.2195188 0.5480154 0.5194406 0.3771794 0.4681305 0.4034043 0.2631791 0.5498567 0.4473888 0.5257568 0.4090355 0.3508910 0.2948907 0.2276326 0.2948300 0.4369409 0.0000000 0.5498567 0.4090355 0.3907849 0.3104865 0.3452240 0.4367925 0.2577581 0.3622307 0.3452240 0.4320631 0.4061611 0.3766565 0.2648179 0.1902594 0.2433891 0.3705706 0.2194846 0.4440797 0.4261449 
AC0152-Cb_UGS_gt0_zzb1_dup0_indel1_clu21_tag0 0.4804717 0.4804717 0.5013606 0.5013606 0.5865895 0.4765933 0.1599856 0.4483776 0.6132731 0.5976589 0.5761049 0.5827752 0.5505744 0.4698760 0.2908213 0.3479176 0.4962020 0.2161657 0.1599856 0.4022461 0.0000010 0.2232175 0.5976589 0.6156686 0.4703251 0.4529281 0.4887554 0.5140055 0.5738369 0.5498567 0.0000000 0.6156686 0.5093876 0.4649716 0.5943010 0.3340262 0.3400267 0.3969656 0.5943010 0.5827752 0.6122144 0.5052458 0.3938063 0.5171306 0.6132731 0.4982537 0.4767139 0.1782071 0.5761049 
AC0156-Ca_UGS_gt0_zzb1_dup1_indel1_clu24_tag0 0.4226778 0.4226778 0.5408846 0.5408846 0.5140610 0.4262199 0.4751473 0.4471562 0.6151143 0.7396648 0.5119597 0.5183739 0.1869542 0.4416942 0.6111144 0.7280825 0.5457613 0.5502600 0.4751473 0.4465043 0.6156686 0.5380839 0.7396648 0.0000010 0.4719206 0.4498178 0.4303262 0.5259440 0.4946540 0.4090355 0.6156686 0.0000000 0.5338258 0.3780259 0.5212945 0.5103734 0.3846180 0.4437101 0.5212945 0.5183739 0.0015950 0.5450704 0.3545520 0.4747037 0.6151143 0.5375890 0.4191854 0.4971234 0.5119597 
AC0158-Ca_UGS_gt0_zzb0_dup0_indel0_clu31_tag0 0.4156682 0.4156682 0.1175215 0.1175215 0.4606754 0.4121151 0.4604861 0.3544587 0.4294371 0.5414018 0.4592803 0.4653897 0.5408796 0.4058343 0.5179998 0.6047004 0.1197616 0.5002369 0.4604861 0.3597307 0.5093876 0.4778391 0.5414018 0.5338258 0.4055317 0.3983082 0.4081391 0.1375040 0.4503027 0.3907849 0.5093876 0.5338258 0.0000000 0.3797095 0.4674141 0.3312248 0.3812177 0.3191639 0.4674141 0.4653897 0.5305791 0.1195836 0.3080399 0.3462505 0.4294371 0.1155710 0.4121840 0.4220257 0.4592803 
AC0158-Cb_UGS_gt0_zzb0_dup0_indel0_clu32_tag0 0.3669441 0.3669441 0.1955193 0.1955193 0.4000319 0.3636670 0.3871060 0.3420146 0.3128866 0.4708228 0.3667019 0.3721538 0.2555562 0.3577826 0.4429165 0.5465334 0.1982413 0.4280694 0.3871060 0.3420347 0.4649716 0.4624859 0.4708228 0.3780259 0.2622328 0.3674945 0.3739897 0.4165849 0.3586271 0.3104865 0.4649716 0.3780259 0.3797095 0.0000000 0.4061970 0.3122714 0.3538066 0.3073945 0.4061970 0.3721538 0.3752915 0.1979486 0.2661829 0.3206577 0.3128866 0.1979838 0.3637046 0.4431362 0.3667019 
AC0161-Ca_UGS_gt0_zzb1_dup0_indel1_clu33_tag0 0.4008699 0.4008699 0.4876111 0.4876111 0.0032465 0.3974766 0.4881914 0.3729823 0.4103945 0.2827257 0.3099248 0.3095283 0.5153493 0.3914485 0.4472716 0.4616771 0.4920757 0.5799122 0.4881914 0.3754130 0.5943010 0.5311172 0.2827257 0.5212945 0.2673225 0.2229511 0.4081549 0.4684214 0.3024170 0.3452240 0.5943010 0.5212945 0.4674141 0.4061970 0.0000000 0.3908552 0.3710720 0.3476785 0.0000010 0.3095283 0.5181300 0.4914440 0.2591675 0.3194644 0.4103945 0.4845290 0.3975340 0.4805604 0.3099248 
AC0162-Ca_UGS_gt0_zzb1_dup1_indel1_clu34_tag0 0.3631012 0.3631012 0.3458072 0.3458072 0.3847771 0.3598516 0.4314365 0.3076685 0.4112413 0.4699740 0.3322761 0.3375236 0.4365506 0.3540094 0.4327522 0.3537330 0.3493894 0.3342141 0.4314365 0.3213435 0.3340262 0.3168865 0.4699740 0.5103734 0.3546805 0.3321639 0.3562012 0.3853474 0.3133455 0.4367925 0.3340262 0.5103734 0.3312248 0.3122714 0.3908552 0.0000000 0.3647640 0.3314089 0.3908552 0.3375236 0.5071950 0.3426879 0.2959101 0.3773797 0.4112413 0.3431603 0.3598869 0.2724968 0.3322761 
AC0169-Cb_UGS_gt0_zzb1_dup1_indel1_clu35_tag1 0.1978800 0.1978800 0.4099473 0.4099473 0.3650874 0.2003383 0.2436058 0.2177434 0.3838383 0.5135188 0.4121764 0.4116260 0.4821451 0.2158151 0.4368834 0.4490776 0.4053840 0.3347484 0.2436058 0.2000043 0.3400267 0.3169841 0.5135188 0.3846180 0.3609518 0.1955055 0.2031447 0.3775315 0.3847030 0.2577581 0.3400267 0.3846180 0.3812177 0.3538066 0.3710720 0.3647640 0.0000000 0.3273820 0.3710720 0.4116260 0.3818461 0.4134344 0.2560740 0.2524564 0.3838383 0.4070521 0.1953967 0.2048997 0.4121764 
AC0170-Ca_UGS_gt0_zzb1_dup0_indel1_clu36_tag0 0.3734536 0.3734536 0.3547430 0.3547430 0.3419586 0.3701880 0.3484733 0.3211646 0.4256967 0.4841775 0.3271807 0.3323746 0.4167974 0.3702340 0.3804211 0.4873839 0.3506384 0.4939012 0.3484733 0.3093994 0.3969656 0.4083805 0.4841775 0.4437101 0.3302053 0.3416356 0.3665213 0.3596831 0.3194665 0.3622307 0.3969656 0.4437101 0.3191639 0.3073945 0.3476785 0.3314089 0.3273820 0.0000000 0.3476785 0.3323746 0.4407626 0.3579215 0.2788424 0.2771110 0.4256967 0.3520407 0.3702288 0.3869000 0.3271807 
AC0174-Cb_UGS_gt0_zzb1_dup1_indel1_clu33_tag0 0.4008699 0.4008699 0.4876111 0.4876111 0.0032465 0.3974766 0.4881914 0.3729823 0.4103945 0.2827257 0.3099248 0.3095283 0.5153493 0.3914485 0.4472716 0.4616771 0.4920757 0.5799122 0.4881914 0.3754130 0.5943010 0.5311172 0.2827257 0.5212945 0.2673225 0.2229511 0.4081549 0.4684214 0.3024170 0.3452240 0.5943010 0.5212945 0.4674141 0.4061970 0.0000010 0.3908552 0.3710720 0.3476785 0.0000000 0.3095283 0.5181300 0.4914440 0.2591675 0.3194644 0.4103945 0.4845290 0.3975340 0.4805604 0.3099248 
AC0178-Ca_UGS_gt0_zzb0_dup0_indel0_clu10_tag0 0.3912654 0.3912654 0.4225987 0.4225987 0.3041234 0.3879129 0.5035605 0.4094106 0.4954962 0.4167711 0.0032576 0.0000010 0.5426510 0.3819400 0.3301920 0.3360589 0.4266889 0.5424415 0.5035605 0.4023698 0.5827752 0.4948431 0.4167711 0.5183739 0.3537437 0.3407668 0.3841531 0.4427679 0.0181796 0.4320631 0.5827752 0.5183739 0.4653897 0.3721538 0.3095283 0.3375236 0.4116260 0.3323746 0.3095283 0.0000000 0.5152154 0.4190559 0.2997825 0.3899284 0.4954962 0.4196925 0.3879643 0.4804214 0.0032576 
AC0179-Ca_UGS_gt0_zzb0_dup0_indel0_clu37_tag0 0.4197900 0.4197900 0.5376455 0.5376455 0.5109172 0.4233205 0.4721411 0.4441652 0.6116028 0.7358296 0.5088152 0.5152154 0.1893392 0.4387458 0.6077005 0.7330078 0.5425055 0.5469848 0.4721411 0.4435496 0.6122144 0.5348569 0.7358296 0.0015950 0.4756175 0.4468415 0.4274142 0.5227354 0.4915539 0.4061611 0.6122144 0.0015950 0.5305791 0.3752915 0.5181300 0.5071950 0.3818461 0.4407626 0.5181300 0.5152154 0.0000000 0.5418168 0.3518561 0.4784795 0.6116028 0.5343572 0.4163076 0.4940101 0.5088152 
AC0182-Ca_UGS_gt0_zzb0_dup0_indel0_clu1_tag0  0.4296893 0.4296893 0.0016062 0.0016062 0.4845290 0.4260764 0.4570448 0.4029514 0.3751057 0.5451684 0.4132737 0.4190559 0.4271422 0.4197185 0.5638925 0.5510589 0.0032225 0.4537710 0.4570448 0.4021917 0.5052458 0.4962406 0.5451684 0.5450704 0.3391376 0.4306722 0.4220396 0.1473854 0.4047416 0.3766565 0.5052458 0.5450704 0.1195836 0.1979486 0.4914440 0.3426879 0.4134344 0.3579215 0.4914440 0.4190559 0.5418168 0.0000000 0.3299104 0.3450515 0.3751057 0.0032186 0.4261553 0.4691590 0.4132737 
AC0182-Cb_UGS_gt0_zzb0_dup0_indel0_clu38_tag0 0.2392421 0.2392421 0.3268709 0.3268709 0.2540952 0.2365897 0.3409410 0.2805800 0.3465854 0.3821525 0.2947250 0.2997825 0.3508330 0.2366131 0.4109564 0.4446637 0.3303738 0.3443998 0.3409410 0.2383828 0.3938063 0.3162982 0.3821525 0.3545520 0.2479806 0.2661665 0.2449283 0.2788086 0.2926065 0.2648179 0.3938063 0.3545520 0.3080399 0.2661829 0.2591675 0.2959101 0.2560740 0.2788424 0.2591675 0.2997825 0.3518561 0.3299104 0.0000000 0.2934602 0.3465854 0.3242550 0.2365790 0.3390745 0.2947250 
AC0184-Ca_UGS_gt0_zzb1_dup1_indel1_clu39_tag0 0.2767875 0.2767875 0.3419183 0.3419183 0.3138906 0.2740052 0.3491430 0.2240340 0.2188315 0.4525795 0.3842971 0.3899284 0.4492867 0.2688617 0.4511239 0.5211823 0.3455358 0.4932115 0.3491430 0.2304431 0.5171306 0.4644845 0.4525795 0.4747037 0.3119787 0.2301924 0.2827654 0.3836097 0.3759679 0.1902594 0.5171306 0.4747037 0.3462505 0.3206577 0.3194644 0.3773797 0.2524564 0.2771110 0.3194644 0.3899284 0.4784795 0.3450515 0.2934602 0.0000000 0.2188315 0.3392404 0.2740040 0.4496329 0.3842971 
AC0186-Ca_UGS_gt0_zzb1_dup0_indel1_clu7_tag0  0.4266130 0.4266130 0.3718701 0.3718701 0.4041466 0.4230172 0.5221564 0.3721705 0.0000010 0.6118889 0.4892299 0.4954962 0.5052462 0.4103369 0.5562754 0.6382334 0.3756175 0.5267077 0.5221564 0.4055073 0.6132731 0.5437941 0.6118889 0.6151143 0.3398292 0.3994560 0.4343231 0.4358969 0.4732917 0.2433891 0.6132731 0.6151143 0.4294371 0.3128866 0.4103945 0.4112413 0.3838383 0.4256967 0.4103945 0.4954962 0.6116028 0.3751057 0.3465854 0.2188315 0.0000000 0.3691395 0.4230938 0.4976263 0.4892299 
AC0188-Cb_UGS_gt0_zzb1_dup1_indel1_clu1_tag0  0.4231786 0.4231786 0.0016066 0.0016066 0.4776691 0.4195986 0.4503836 0.3966093 0.3691395 0.5377390 0.4138989 0.4196925 0.4271090 0.4132855 0.5563945 0.5520013 0.0032235 0.4537206 0.4503836 0.3959323 0.4982537 0.4892201 0.5377390 0.5375890 0.3335148 0.4241174 0.4155957 0.1431849 0.4053502 0.3705706 0.4982537 0.5375890 0.1155710 0.1979838 0.4845290 0.3431603 0.4070521 0.3520407 0.4845290 0.4196925 0.5343572 0.0032186 0.3242550 0.3392404 0.3691395 0.0000000 0.4196727 0.4624291 0.4138989 
AC0190-Ca_UGS_gt1_zzb2_dup3_indel2_clu0_tag1  0.0016120 0.0016120 0.4226048 0.4226048 0.3914071 0.0032275 0.2438450 0.0945713 0.4230938 0.5734463 0.3824138 0.3879643 0.5094556 0.0130817 0.4639681 0.4880300 0.4267318 0.3665582 0.2438450 0.0893915 0.4767139 0.3325173 0.5734463 0.4191854 0.4094376 0.1098141 0.0048593 0.3498352 0.3559293 0.2194846 0.4767139 0.4191854 0.4121840 0.3637046 0.3975340 0.3598869 0.1953967 0.3702288 0.3975340 0.3879643 0.4163076 0.4261553 0.2365790 0.2740040 0.4230938 0.4196727 0.0000000 0.3645187 0.3824138 
AC0196-Cb_UGS_gt0_zzb1_dup1_indel1_clu40_tag0 0.3677765 0.3677765 0.4654435 0.4654435 0.4737332 0.3644805 0.3195566 0.3652785 0.4976263 0.5641147 0.4810688 0.4804214 0.5332785 0.3645265 0.4769539 0.3519252 0.4605336 0.1032075 0.3195566 0.3499674 0.1782071 0.1029211 0.5641147 0.4971234 0.4350633 0.3511095 0.3748634 0.4288976 0.4721494 0.4440797 0.1782071 0.4971234 0.4220257 0.4431362 0.4805604 0.2724968 0.2048997 0.3869000 0.4805604 0.4804214 0.4940101 0.4691590 0.3390745 0.4496329 0.4976263 0.4624291 0.3645187 0.0000000 0.4810688 
AC0202-Cb_UGS_gt0_zzb1_dup0_indel1_clu9_tag0  0.3856958 0.3856958 0.4167926 0.4167926 0.3045123 0.3823658 0.4973359 0.4036660 0.4892299 0.4173245 0.0000010 0.0032576 0.5361380 0.3764225 0.3249583 0.3364862 0.4208541 0.5359618 0.4973359 0.3967302 0.5761049 0.4886593 0.4173245 0.5119597 0.3484247 0.3412153 0.3786298 0.4367678 0.0148459 0.4261449 0.5761049 0.5119597 0.4592803 0.3667019 0.3099248 0.3322761 0.4121764 0.3271807 0.3099248 0.0032576 0.5088152 0.4132737 0.2947250 0.3842971 0.4892299 0.4138989 0.3824138 0.4810688 0.0000000 
