192
AC0090-Ca_UGS_gt1_zzb2_dup0_indel2_clu0_tag1  0.0000000 0.0998364 0.0524452 0.0637291 0.0502495 0.0501081 0.0505765 0.3235959 0.3235959 0.0502771 0.0489146 0.0544138 0.3128171 0.0523764 0.0599893 0.2890126 0.0489167 0.0533373 0.0661953 0.1479159 0.0502771 0.1660602 0.3237907 0.0495681 0.3235959 0.0553011 0.1453916 0.0499489 0.2392872 0.0774274 0.0505788 0.3243980 0.1619794 0.1132867 0.1103754 0.3334262 0.3217936 0.0537515 0.0511982 0.0502619 0.3235615 0.0504122 0.3327473 0.0506710 0.3248601 0.3254487 0.0504157 0.3265816 0.0505751 0.1872832 0.3023510 0.2240925 0.3264491 0.0454376 0.3272097 0.2194546 0.1074184 0.2073532 0.1162225 0.1648839 0.1032593 0.3236317 0.1977519 0.3125528 0.1710164 0.3092189 0.0517868 0.0510346 0.0670797 0.0502496 0.0512197 0.3270096 0.3359305 0.1092870 0.1016140 0.0505751 0.3233437 0.3207960 0.3041440 0.3230821 0.0489958 0.0510304 0.0504275 0.3323759 0.0914656 0.2865101 0.0507515 0.0502495 0.2931235 0.1929012 0.0509008 0.0502619 0.0505664 0.2200624 0.1087799 0.0499489 0.0533504 0.1759127 0.0856813 0.3323759 0.0504227 0.3229504 0.0510546 0.1892780 0.1371937 0.3154531 0.2061529 0.2040026 0.1075983 0.0986004 0.3376318 0.3327596 0.0748613 0.3383840 0.3159918 0.2909612 0.0843631 0.2970879 0.3114319 0.0501115 0.1618857 0.0500992 0.3377241 0.3351923 0.0459747 0.1395253 0.1778667 0.0515190 0.3142423 0.3236667 0.0609832 0.0505766 0.0507237 0.3241454 0.0490739 0.0496810 0.3221414 0.1910451 0.3087886 0.0516754 0.0508742 0.0500992 0.0509055 0.0507515 0.0501935 0.0507035 0.3260438 0.0502567 0.3372643 0.3374262 0.3247316 0.3304339 0.3372079 0.3233551 0.0507376 0.0505695 0.0456481 0.3070788 0.2924318 0.0497987 0.1747339 0.1225601 0.3353770 0.0502514 0.0502648 0.0505664 0.3236916 0.0601804 0.3224159 0.0505628 0.0501026 0.0507361 0.3238482 0.3361119 0.0508780 0.1030946 0.3173747 0.1423108 0.0502619 0.3245109 0.0580417 0.2799216 0.0499033 0.1083304 0.0502599 0.3383484 0.1621867 0.3241454 0.0518169 0.3230245 0.0504157 0.1656710 
AC0090-Cb_UGS_gt1_zzb2_dup0_indel2_clu0_tag1  0.0998364 0.0000000 0.1089707 0.1222295 0.1068397 0.1063163 0.1068503 0.3456190 0.3456190 0.1065229 0.1012544 0.1038601 0.3362100 0.1093380 0.1175270 0.3135610 0.1005093 0.1015711 0.1249184 0.2174070 0.1069007 0.2368814 0.3451704 0.1049854 0.3456190 0.1122510 0.2143549 0.1065089 0.2649143 0.1307260 0.1068561 0.3458044 0.2337966 0.1780593 0.1749787 0.3522332 0.3396545 0.1097122 0.1075555 0.1064890 0.3455821 0.1066544 0.3557269 0.1069115 0.3473828 0.3321199 0.1066620 0.3169110 0.1068474 0.2611265 0.3241265 0.3057589 0.2010763 0.1038174 0.3448708 0.3002472 0.1168334 0.2709754 0.1442828 0.2382233 0.1108138 0.3456584 0.2748017 0.3341712 0.2422959 0.3310110 0.1085678 0.1080619 0.0992657 0.1068399 0.1076033 0.2181356 0.3377024 0.1734646 0.1638719 0.1068474 0.3458534 0.3388877 0.3334903 0.3450847 0.1035301 0.1073526 0.1066883 0.3559014 0.1344843 0.3199996 0.1070699 0.1068397 0.3140159 0.2695656 0.1076131 0.1064890 0.1072071 0.2380448 0.1728963 0.1065089 0.1099666 0.2333470 0.1108217 0.3553467 0.1066774 0.3458436 0.1074057 0.2056514 0.2056743 0.3315853 0.2805501 0.2347628 0.1477046 0.1616265 0.2111744 0.3486813 0.1337784 0.3182250 0.3391482 0.3271997 0.1243740 0.3301440 0.3363572 0.1067017 0.2311390 0.1066743 0.2108872 0.3522063 0.1012043 0.1884466 0.2146656 0.1061753 0.3418085 0.3450477 0.1190835 0.1068504 0.1073871 0.3455427 0.1045938 0.1061522 0.3441131 0.2668124 0.3295899 0.1084883 0.1075529 0.1066743 0.1072432 0.1070699 0.1053629 0.1038389 0.3545957 0.1068561 0.2109025 0.3437567 0.3461547 0.3520361 0.2118911 0.3458667 0.1070390 0.1068349 0.1017421 0.3287722 0.3109291 0.1067278 0.1963817 0.1862828 0.3555106 0.1068503 0.1068737 0.1072071 0.3450745 0.1192474 0.3452846 0.1075836 0.1066819 0.1070359 0.3458807 0.3562668 0.1075616 0.1106467 0.3397419 0.2109788 0.1068674 0.3455619 0.1164571 0.2980250 0.1050093 0.1725223 0.1068628 0.2118696 0.2333131 0.3455427 0.1082531 0.3449788 0.1066620 0.2387003 
AC0091-Ca_UGS_gt1_zzb2_dup0_indel2_clu0_tag1  0.0524452 0.1089707 0.0000000 0.0135414 0.0027497 0.0028872 0.0027500 0.3343532 0.3343532 0.0024746 0.0368327 0.0437775 0.3048979 0.0125237 0.0091528 0.2950964 0.0435402 0.0193593 0.0329940 0.0868017 0.0027512 0.1146463 0.3328003 0.0105587 0.3343532 0.0055246 0.0846728 0.0024743 0.2080434 0.0535350 0.0021983 0.3345367 0.0996177 0.0584267 0.0538495 0.3437579 0.3222535 0.0143774 0.0027497 0.0024739 0.3343177 0.0026116 0.3445371 0.0175123 0.3352074 0.3282014 0.0026117 0.3309731 0.0027499 0.1325756 0.3119331 0.1540139 0.3526241 0.0244339 0.2825670 0.1496584 0.1085055 0.1439716 0.1164303 0.1279008 0.1050258 0.3343907 0.1310598 0.3205944 0.1180607 0.3213928 0.0027494 0.0192383 0.0582371 0.0024742 0.0033037 0.3544316 0.3473984 0.0546126 0.0555092 0.0021981 0.3340967 0.3291274 0.3005117 0.3338301 0.0139453 0.0026111 0.0026123 0.3447044 0.0626981 0.2720890 0.0023368 0.0027497 0.3035145 0.1254081 0.0033039 0.0024739 0.0024739 0.2322626 0.0510301 0.0024743 0.0052391 0.1696446 0.0340876 0.3441615 0.0026121 0.3330672 0.0031649 0.2006942 0.0770291 0.3203943 0.1853946 0.1620567 0.0869982 0.0436955 0.3666016 0.2986996 0.0505597 0.3497665 0.3260135 0.2886484 0.0343283 0.3119391 0.3219702 0.0026126 0.1107704 0.0026120 0.3656779 0.2832141 0.0267209 0.1384248 0.1224133 0.0069109 0.3222940 0.3337944 0.0111278 0.0027500 0.0026119 0.3331620 0.0341675 0.0052389 0.3333617 0.1238057 0.3193665 0.0031654 0.0027496 0.0026120 0.0024747 0.0023368 0.0097126 0.0143678 0.3024833 0.0027501 0.3662111 0.3395744 0.3348778 0.3396993 0.3668163 0.3341090 0.0028883 0.0027496 0.0451725 0.3190121 0.3026207 0.0028890 0.1637975 0.0808502 0.3349167 0.0027500 0.0027505 0.0024739 0.3338201 0.0138160 0.3325231 0.0027504 0.0026122 0.0023362 0.3346098 0.3356508 0.0030256 0.1048608 0.3277419 0.0815785 0.0024739 0.3336705 0.0162318 0.2755119 0.0085930 0.0511338 0.0027503 0.3663350 0.1082587 0.3342802 0.0038553 0.3339887 0.0026117 0.1282809 
AC0091-Cb_UGS_gt1_zzb2_dup0_indel2_clu0_tag1  0.0637291 0.1222295 0.0135414 0.0000000 0.0126837 0.0131104 0.0126902 0.3290201 0.3290201 0.0126913 0.0476980 0.0554486 0.3014557 0.0232939 0.0104263 0.2888091 0.0546053 0.0300223 0.0437503 0.0860372 0.0126913 0.1132128 0.3292160 0.0207089 0.3290201 0.0112654 0.0822708 0.0124027 0.2107618 0.0603911 0.0129728 0.3298302 0.0961029 0.0621614 0.0587164 0.3378884 0.3176381 0.0208524 0.0129753 0.0126866 0.3289851 0.0128272 0.3411468 0.0281462 0.3236804 0.3227338 0.0128280 0.3263037 0.0124027 0.1277745 0.3072934 0.1508613 0.3484916 0.0355651 0.2780992 0.1484495 0.1217202 0.1364056 0.1299118 0.1284853 0.1181581 0.3290567 0.1284513 0.3224374 0.1144313 0.3239839 0.0123995 0.0296198 0.0699937 0.0126837 0.0135456 0.3495915 0.3427412 0.0547746 0.0633575 0.0129719 0.3287655 0.3244545 0.2896715 0.3285011 0.0244795 0.0133949 0.0128319 0.3422907 0.0742696 0.2700188 0.0131191 0.0126837 0.3023438 0.1216483 0.0129718 0.0126866 0.0129697 0.2492906 0.0475785 0.0124027 0.0126904 0.1677385 0.0451453 0.3417499 0.0128308 0.3283696 0.0134011 0.2168379 0.0762070 0.3140773 0.1789120 0.1562209 0.1010095 0.0408506 0.3623845 0.2947004 0.0470295 0.3456422 0.3205972 0.3028420 0.0360016 0.3089346 0.3186497 0.0125461 0.1120564 0.0125432 0.3620243 0.2795675 0.0369834 0.1522208 0.1194619 0.0166728 0.3189563 0.3290923 0.0124110 0.0126841 0.0131121 0.3295753 0.0455699 0.0155249 0.3275527 0.1237091 0.3189570 0.0125508 0.0132528 0.0125432 0.0135432 0.0131191 0.0198375 0.0249113 0.2977105 0.0126853 0.3625553 0.3360448 0.3301681 0.3386960 0.3624936 0.3287773 0.0128333 0.0129705 0.0565806 0.3148715 0.2981925 0.0125499 0.1709278 0.0854716 0.3297614 0.0129723 0.0126873 0.0129697 0.3291177 0.0151093 0.3278295 0.0132563 0.0125440 0.0131152 0.3292748 0.3304909 0.0132537 0.1179893 0.3276202 0.0797941 0.0126866 0.3289681 0.0241664 0.2800267 0.0186908 0.0479258 0.0126862 0.3626776 0.1091553 0.3295753 0.0141078 0.3224815 0.0128280 0.1288660 
AC0092-Ca_UGS_gt1_zzb2_dup2_indel2_clu0_tag1  0.0502495 0.1068397 0.0027497 0.0126837 0.0000000 0.0009600 0.0005484 0.3344178 0.3344178 0.0005484 0.0344412 0.0419446 0.3061531 0.0108254 0.0088696 0.2944862 0.0414066 0.0170668 0.0306108 0.0864683 0.0005484 0.1157831 0.3346146 0.0083099 0.3344178 0.0046905 0.0847125 0.0002742 0.2074542 0.0516751 0.0008228 0.3352348 0.0992951 0.0559095 0.0532154 0.3430875 0.3229331 0.0118241 0.0010973 0.0002742 0.3343823 0.0004113 0.3448467 0.0152280 0.3350317 0.3285104 0.0004113 0.3316642 0.0005484 0.1322163 0.3138586 0.1540315 0.3539979 0.0226941 0.2826197 0.1492201 0.1063815 0.1446296 0.1139215 0.1290283 0.1029146 0.3344553 0.1306954 0.3231896 0.1177795 0.3197780 0.0016465 0.0169380 0.0560351 0.0002742 0.0013731 0.3551576 0.3480919 0.0524244 0.0557920 0.0005484 0.3341612 0.3298183 0.3011540 0.3338946 0.0119626 0.0009600 0.0006856 0.3450141 0.0601626 0.2725684 0.0009600 0.0000010 0.3039514 0.1261246 0.0010973 0.0002742 0.0005484 0.2294366 0.0519683 0.0002742 0.0030248 0.1709385 0.0319967 0.3444712 0.0004113 0.3337634 0.0009600 0.1977170 0.0773474 0.3208598 0.1862422 0.1612646 0.0860144 0.0434004 0.3673208 0.2993466 0.0502426 0.3504624 0.3259170 0.2862195 0.0334187 0.3136815 0.3213452 0.0004113 0.1122400 0.0001371 0.3663958 0.2837756 0.0243814 0.1354387 0.1227045 0.0044082 0.3238608 0.3344915 0.0097176 0.0005484 0.0006856 0.3349779 0.0323760 0.0030247 0.3329399 0.1245494 0.3198138 0.0017856 0.0005484 0.0001371 0.0010973 0.0009600 0.0071909 0.0121022 0.3024739 0.0005484 0.3669297 0.3410303 0.3355764 0.3408730 0.3668672 0.3341735 0.0006856 0.0005484 0.0433325 0.3206216 0.3022125 0.0006856 0.1633781 0.0795182 0.3348870 0.0005484 0.0002742 0.0005484 0.3345173 0.0123948 0.3332184 0.0008228 0.0004113 0.0006856 0.3346745 0.3356211 0.0008228 0.1027502 0.3291733 0.0815716 0.0005484 0.3343676 0.0165116 0.2737097 0.0060778 0.0514626 0.0002742 0.3670539 0.1093376 0.3349779 0.0019228 0.3338136 0.0004113 0.1294094 
AC0092-Cb_UGS_gt1_zzb2_dup2_indel2_clu0_tag1  0.0501081 0.1063163 0.0028872 0.0131104 0.0009600 0.0000000 0.0009600 0.3342610 0.3342610 0.0009600 0.0345837 0.0421030 0.3053977 0.0115288 0.0090080 0.2943314 0.0415504 0.0172123 0.0313489 0.0869449 0.0012346 0.1162823 0.3333390 0.0090098 0.3342610 0.0048284 0.0851865 0.0009600 0.2081089 0.0515152 0.0009600 0.3344446 0.1001507 0.0563634 0.0542960 0.3429313 0.3221590 0.0128115 0.0012346 0.0006856 0.3342255 0.0008228 0.3446902 0.0156508 0.3348752 0.3283542 0.0008228 0.3308805 0.0009600 0.1327295 0.3137027 0.1549893 0.3531874 0.0225473 0.2829161 0.1501733 0.1058597 0.1451525 0.1133903 0.1295877 0.1023958 0.3342985 0.1312055 0.3230329 0.1182797 0.3185299 0.0023348 0.0176525 0.0555670 0.0006856 0.0017854 0.3543438 0.3472892 0.0525697 0.0562650 0.0006856 0.3340045 0.3290341 0.3005344 0.3337378 0.0123828 0.0010973 0.0010973 0.3448575 0.0606186 0.2724138 0.0010973 0.0009600 0.3032034 0.1270333 0.0017855 0.0006856 0.0009600 0.2292839 0.0521135 0.0009600 0.0034380 0.1703452 0.0324423 0.3443146 0.0008228 0.3329748 0.0013719 0.1970892 0.0781662 0.3207039 0.1864078 0.1614887 0.0858393 0.0441587 0.3664955 0.2990624 0.0510141 0.3496578 0.3252802 0.2854916 0.0341614 0.3129181 0.3211895 0.0010973 0.1127372 0.0008228 0.3655717 0.2830501 0.0248187 0.1348830 0.1229063 0.0048242 0.3230834 0.3337021 0.0104202 0.0009600 0.0010973 0.3337013 0.0325295 0.0034379 0.3327831 0.1250564 0.3190425 0.0024744 0.0012346 0.0010973 0.0012346 0.0010973 0.0078888 0.0125225 0.3018584 0.0012346 0.3661050 0.3408736 0.3347857 0.3400773 0.3667102 0.3340168 0.0010973 0.0009600 0.0428918 0.3193735 0.3020568 0.0010973 0.1632294 0.0799906 0.3341037 0.0009600 0.0009600 0.0009600 0.3337279 0.0131019 0.3324306 0.0012346 0.0010973 0.0008228 0.3345177 0.3348371 0.0015092 0.1022315 0.3290171 0.0820442 0.0006856 0.3335782 0.0169413 0.2734402 0.0067740 0.0519138 0.0009600 0.3662288 0.1102143 0.3341880 0.0023354 0.3336572 0.0008228 0.1299693 
AC0093-Ca_UGS_gt1_zzb1_dup1_indel1_clu0_tag1  0.0505765 0.1068503 0.0027500 0.0126902 0.0005484 0.0009600 0.0000000 0.3345999 0.3345999 0.0005484 0.0344445 0.0422625 0.3057183 0.0111105 0.0088704 0.2940432 0.0414105 0.0176428 0.0309170 0.0864768 0.0008228 0.1154506 0.3341638 0.0085927 0.3345999 0.0046910 0.0843968 0.0005484 0.2079619 0.0513751 0.0008228 0.3347835 0.0993416 0.0559149 0.0532175 0.3432740 0.3224893 0.0121105 0.0010973 0.0002742 0.3345643 0.0004113 0.3450347 0.0152294 0.3352137 0.3280461 0.0004113 0.3312162 0.0005484 0.1318743 0.3144992 0.1541069 0.3535377 0.0226963 0.2827694 0.1492932 0.1063920 0.1442811 0.1139328 0.1290904 0.1029248 0.3346374 0.1307084 0.3233649 0.1174463 0.3193353 0.0019225 0.0172298 0.0560405 0.0005484 0.0010973 0.3546957 0.3469708 0.0521242 0.0557941 0.0005484 0.3343432 0.3293697 0.3013151 0.3340763 0.0119637 0.0009600 0.0006856 0.3452022 0.0595248 0.2727122 0.0006856 0.0005484 0.3035199 0.1261852 0.0013733 0.0002742 0.0008228 0.2299717 0.0516682 0.0005484 0.0027494 0.1705783 0.0323035 0.3446590 0.0001371 0.3333129 0.0009600 0.1977372 0.0777037 0.3215089 0.1862611 0.1612717 0.0860228 0.0434199 0.3661663 0.2989156 0.0502653 0.3500051 0.3260934 0.2862491 0.0337278 0.3132432 0.3215183 0.0006856 0.1119089 0.0004113 0.3652431 0.2827695 0.0246803 0.1354523 0.1227631 0.0046868 0.3234153 0.3340406 0.0100020 0.0005484 0.0006856 0.3345268 0.0326840 0.0027482 0.3331211 0.1242117 0.3187392 0.0020617 0.0008228 0.0006856 0.0008228 0.0006856 0.0074725 0.0121033 0.3026345 0.0008228 0.3657761 0.3405582 0.3351249 0.3404194 0.3670688 0.3343555 0.0004113 0.0005484 0.0436520 0.3201790 0.3023743 0.0006856 0.1634584 0.0791702 0.3344397 0.0005484 0.0005484 0.0008228 0.3340664 0.0126819 0.3327682 0.0008228 0.0006856 0.0004113 0.3348567 0.3351734 0.0008228 0.1027604 0.3293516 0.0812570 0.0008228 0.3339166 0.0168030 0.2732941 0.0060780 0.0511622 0.0002742 0.3658998 0.1093895 0.3345268 0.0019230 0.3339950 0.0004113 0.1294717 
AC0093-Cb_UGS_gt0_zzb1_dup1_indel1_clu1_tag0  0.3235959 0.3456190 0.3343532 0.3290201 0.3344178 0.3342610 0.3345999 0.0000000 0.0002742 0.3344192 0.3309026 0.3414052 0.0559852 0.3358266 0.3327423 0.2977355 0.3245999 0.3310200 0.3383810 0.3263973 0.3351213 0.3432078 0.0006856 0.3342178 0.0000010 0.3321465 0.3245490 0.3344436 0.3017764 0.3181431 0.3356021 0.0004113 0.3210142 0.3293207 0.3111218 0.2268743 0.0638391 0.3313459 0.3345346 0.3345173 0.0002742 0.3347474 0.1670714 0.3410105 0.1447915 0.3249775 0.3347740 0.1434365 0.3339573 0.1840974 0.0852098 0.3137812 0.3551949 0.3278798 0.0608665 0.3207503 0.3284578 0.3256748 0.3324962 0.3353465 0.3395129 0.0002742 0.3186282 0.0390786 0.2574649 0.0346059 0.3338506 0.3376027 0.3256800 0.3344182 0.3358562 0.0884535 0.2088476 0.3279110 0.3122932 0.3350776 0.0001371 0.0172147 0.2012843 0.0002742 0.3358464 0.3358066 0.3353580 0.1671421 0.3344069 0.3514127 0.3360021 0.3344178 0.2916378 0.3281164 0.3345204 0.3345173 0.3350159 0.1024503 0.3226517 0.3344436 0.3339440 0.3399631 0.3384494 0.1671421 0.3348300 0.0006856 0.3350180 0.0905825 0.3113459 0.3103839 0.3070437 0.3243962 0.3124806 0.3229564 0.3521222 0.0993270 0.2896217 0.2768369 0.0352942 0.3584018 0.3348530 0.1741845 0.1411637 0.3347732 0.3191990 0.3341879 0.3529214 0.3361277 0.3240879 0.3308336 0.3106747 0.3345768 0.0929842 0.0002742 0.3333621 0.3339484 0.3352908 0.0005484 0.3342551 0.3345146 0.0027495 0.3066987 0.1451961 0.3337129 0.3355215 0.3346736 0.3345753 0.3360021 0.3342456 0.3385404 0.3177896 0.3344326 0.3524489 0.3276421 0.0005484 0.1675373 0.3519683 0.0006856 0.3353998 0.3345427 0.3250605 0.1459798 0.0763129 0.3348650 0.3140738 0.3243990 0.3476492 0.3350863 0.3345419 0.3350159 0.0002742 0.3362213 0.0015092 0.3351428 0.3342133 0.3353906 0.0001371 0.3459298 0.3355596 0.3392809 0.1572274 0.3279168 0.3345177 0.0123801 0.3224948 0.2903369 0.3327220 0.3343037 0.3345004 0.3534126 0.3262693 0.0005484 0.3340620 0.1449081 0.3342869 0.3364054 
AC0094-Ca_UGS_gt0_zzb1_dup0_indel1_clu1_tag0  0.3235959 0.3456190 0.3343532 0.3290201 0.3344178 0.3342610 0.3345999 0.0002742 0.0000000 0.3344192 0.3309026 0.3414052 0.0562936 0.3358266 0.3327423 0.2972711 0.3245999 0.3310200 0.3383810 0.3263973 0.3351213 0.3432078 0.0009600 0.3342178 0.0002742 0.3321465 0.3245490 0.3344436 0.3017764 0.3181431 0.3356021 0.0006856 0.3210142 0.3293207 0.3111218 0.2268743 0.0635264 0.3313459 0.3345346 0.3345173 0.0005484 0.3347474 0.1674487 0.3410105 0.1451559 0.3244942 0.3347740 0.1438009 0.3339573 0.1840974 0.0855362 0.3137812 0.3551949 0.3278798 0.0611778 0.3207503 0.3279736 0.3256748 0.3320114 0.3353465 0.3390223 0.0005484 0.3186282 0.0393759 0.2574649 0.0349007 0.3338506 0.3376027 0.3251979 0.3344182 0.3358562 0.0884535 0.2092531 0.3279110 0.3122932 0.3350776 0.0004113 0.0174990 0.2016860 0.0005484 0.3358464 0.3358066 0.3353580 0.1675196 0.3344069 0.3514127 0.3360021 0.3344178 0.2911774 0.3281164 0.3345204 0.3345173 0.3350159 0.1027867 0.3226517 0.3344436 0.3339440 0.3399631 0.3384494 0.1675196 0.3348300 0.0009600 0.3350180 0.0909110 0.3113459 0.3099116 0.3070437 0.3239143 0.3124806 0.3229564 0.3521222 0.0993270 0.2896217 0.2763865 0.0352942 0.3584018 0.3348530 0.1741845 0.1408028 0.3347732 0.3191990 0.3341879 0.3529214 0.3356378 0.3240879 0.3308336 0.3106747 0.3345768 0.0933153 0.0005484 0.3333621 0.3339484 0.3352908 0.0008228 0.3342551 0.3345146 0.0030252 0.3066987 0.1455605 0.3337129 0.3355215 0.3346736 0.3345753 0.3360021 0.3342456 0.3390303 0.3173141 0.3344326 0.3524489 0.3271567 0.0005484 0.1679151 0.3519683 0.0009600 0.3353998 0.3345427 0.3250605 0.1456142 0.0763129 0.3348650 0.3136005 0.3243990 0.3471547 0.3350863 0.3345419 0.3350159 0.0005484 0.3362213 0.0017839 0.3351428 0.3342133 0.3353906 0.0001371 0.3454362 0.3355596 0.3387904 0.1575988 0.3279168 0.3345177 0.0126615 0.3224948 0.2903369 0.3327220 0.3343037 0.3345004 0.3534126 0.3262693 0.0008228 0.3340620 0.1452725 0.3347740 0.3364054 
AC0094-Cb_UGS_gt1_zzb1_dup0_indel1_clu0_tag1  0.0502771 0.1065229 0.0024746 0.0126913 0.0005484 0.0009600 0.0005484 0.3344192 0.3344192 0.0000000 0.0344477 0.0422665 0.3055561 0.0108311 0.0088712 0.2940305 0.0411155 0.0176444 0.0306273 0.0864854 0.0005484 0.1158066 0.3339835 0.0083143 0.3344192 0.0046914 0.0844052 0.0002742 0.2074559 0.0516851 0.0005484 0.3346028 0.0993517 0.0555825 0.0538554 0.3438058 0.3223166 0.0121116 0.0010973 0.0002742 0.3343837 0.0004113 0.3443573 0.0152308 0.3350330 0.3280312 0.0004113 0.3310381 0.0005484 0.1322434 0.3133889 0.1536648 0.3528489 0.0226984 0.2826214 0.1493092 0.1060655 0.1442965 0.1135373 0.1294569 0.1025995 0.3344567 0.1302941 0.3231911 0.1178034 0.3191643 0.0019227 0.0169470 0.0560459 0.0005484 0.0010984 0.3545022 0.3469548 0.0524345 0.0558226 0.0005484 0.3341626 0.3291923 0.3006926 0.3338960 0.0116837 0.0009600 0.0004113 0.3445244 0.0601742 0.2725701 0.0006856 0.0005484 0.3028974 0.1257744 0.0010985 0.0002742 0.0008228 0.2290217 0.0519783 0.0002742 0.0030253 0.1709743 0.0320139 0.3439819 0.0004113 0.3331330 0.0009600 0.1972422 0.0773908 0.3210724 0.1857800 0.1608929 0.0860314 0.0434240 0.3661490 0.2987576 0.0502701 0.3493222 0.3259184 0.2856477 0.0337310 0.3130765 0.3213467 0.0004113 0.1122627 0.0004113 0.3652259 0.2832070 0.0243944 0.1350317 0.1227758 0.0046873 0.3227627 0.3338603 0.0100029 0.0005484 0.0009600 0.3343462 0.0326870 0.0030252 0.3329413 0.1242247 0.3187249 0.0017865 0.0010973 0.0004113 0.0010973 0.0006856 0.0074732 0.0121044 0.3024755 0.0005484 0.3657589 0.3405426 0.3349439 0.3402353 0.3663637 0.3341749 0.0006856 0.0005484 0.0433561 0.3195323 0.3028758 0.0006856 0.1634761 0.0795339 0.3349629 0.0005484 0.0005484 0.0008228 0.3338860 0.0126831 0.3325887 0.0010973 0.0004113 0.0006856 0.3346759 0.3356972 0.0010973 0.1024352 0.3286939 0.0815877 0.0008228 0.3337364 0.0168046 0.2731523 0.0063590 0.0514726 0.0005484 0.3658826 0.1097414 0.3343462 0.0016480 0.3338150 0.0004113 0.1298386 
AC0095-Ca_UGS_gt1_zzb2_dup2_indel2_clu0_tag1  0.0489146 0.1012544 0.0368327 0.0476980 0.0344412 0.0345837 0.0344445 0.3309026 0.3309026 0.0344477 0.0000000 0.0405677 0.3182187 0.0359215 0.0434970 0.3005865 0.0422193 0.0458655 0.0536000 0.1280212 0.0347545 0.1523462 0.3304700 0.0350379 0.3309026 0.0389769 0.1259932 0.0344435 0.2121267 0.0804124 0.0347405 0.3310859 0.1423422 0.0947313 0.0923558 0.3395526 0.3272200 0.0390851 0.0350423 0.0341431 0.3308674 0.0342891 0.3412967 0.0364175 0.3315217 0.3321904 0.0342914 0.3233558 0.0344435 0.1672175 0.3104438 0.2024691 0.3430757 0.0367125 0.3188188 0.1974185 0.1078455 0.1851304 0.1196532 0.1484914 0.1007988 0.3309396 0.1763389 0.3197203 0.1516184 0.3157180 0.0359256 0.0391504 0.0677389 0.0344413 0.0353518 0.3436963 0.3438852 0.0909012 0.0853744 0.0344435 0.3306471 0.3252158 0.3009756 0.3303817 0.0371488 0.0348844 0.0345939 0.3414621 0.0850736 0.2712804 0.0349018 0.0344412 0.3006794 0.1719642 0.0353544 0.0341431 0.0347443 0.2263989 0.0904110 0.0344435 0.0371202 0.1705310 0.0689013 0.3409219 0.0342961 0.3296220 0.0349008 0.1943410 0.1184567 0.3178292 0.1874418 0.1880789 0.0988421 0.0813392 0.3557031 0.3173965 0.0626779 0.3446869 0.3200766 0.2832969 0.0705475 0.3078081 0.3183893 0.0345979 0.1464964 0.0342951 0.3552940 0.3211342 0.0310143 0.1380861 0.1600681 0.0326755 0.3284003 0.3308300 0.0447594 0.0344445 0.0348952 0.3308304 0.0348914 0.0335553 0.3294304 0.1697527 0.3157547 0.0361015 0.0350415 0.0345896 0.0350504 0.0349018 0.0341525 0.0363929 0.3273906 0.0347405 0.3553210 0.3443091 0.3314249 0.3371854 0.3559160 0.3306591 0.0345977 0.0344398 0.0414366 0.3193858 0.2988464 0.0346060 0.1695860 0.1096362 0.3348150 0.0344445 0.0344515 0.0347443 0.3303719 0.0464410 0.3290804 0.0350510 0.0345919 0.0345967 0.3311582 0.3355501 0.0350440 0.1009699 0.3256920 0.1226493 0.0344496 0.3288846 0.0410724 0.2859171 0.0332654 0.0899423 0.0344483 0.3559394 0.1434240 0.3308304 0.0359336 0.3303084 0.0342914 0.1488897 
AC0095-Cb_UGS_gt1_zzb2_dup2_indel2_clu0_tag1  0.0544138 0.1038601 0.0437775 0.0554486 0.0419446 0.0421030 0.0422625 0.3414052 0.3414052 0.0422665 0.0405677 0.0000000 0.3255264 0.0437302 0.0511810 0.2993758 0.0538735 0.0488586 0.0568840 0.1372204 0.0422665 0.1513502 0.3404717 0.0409897 0.3414052 0.0465839 0.1351312 0.0419474 0.2247564 0.0832296 0.0419504 0.3422309 0.1513662 0.1030278 0.1005085 0.3499742 0.3159545 0.0450884 0.0422579 0.0419548 0.3413689 0.0421029 0.3507727 0.0432835 0.3425189 0.3292181 0.0421057 0.3332128 0.0422613 0.1750149 0.3200004 0.2122069 0.3489748 0.0411741 0.3331379 0.2067073 0.1143918 0.1943499 0.1282092 0.1561777 0.1032142 0.3414438 0.1860580 0.3294405 0.1595356 0.3255060 0.0434533 0.0426614 0.0733200 0.0416458 0.0431891 0.3502664 0.3545433 0.0987879 0.0916101 0.0416485 0.3411461 0.3347890 0.3119000 0.3408764 0.0397900 0.0420956 0.0424147 0.3509436 0.0892471 0.2335367 0.0421167 0.0419446 0.3010670 0.1807963 0.0428776 0.0419548 0.0416414 0.2353265 0.0982542 0.0419474 0.0449847 0.1773253 0.0766833 0.3503955 0.0421115 0.3407456 0.0427291 0.2032983 0.1270805 0.2531307 0.1899383 0.1956734 0.1113121 0.0893070 0.3616931 0.3360184 0.0689753 0.3568198 0.3296388 0.2213761 0.0786990 0.3123324 0.3183097 0.0421057 0.1512825 0.0417966 0.3612792 0.3397600 0.0398938 0.1444124 0.1671185 0.0425440 0.3345649 0.3419711 0.0521489 0.0422625 0.0417950 0.3408392 0.0417675 0.0413578 0.3399136 0.1789930 0.3260215 0.0436375 0.0419430 0.0420954 0.0419686 0.0421167 0.0406932 0.0402414 0.3348567 0.0422494 0.3613066 0.3412607 0.3425774 0.3477641 0.3612453 0.3411589 0.0424194 0.0422566 0.0443756 0.3269356 0.3083429 0.0421155 0.1789040 0.1069960 0.3463616 0.0422625 0.0419572 0.0416414 0.3415070 0.0513600 0.3401945 0.0419544 0.0417993 0.0418051 0.3416644 0.3466160 0.0422451 0.1030495 0.3349668 0.1317429 0.0413426 0.3398253 0.0496231 0.2838122 0.0404061 0.0984621 0.0419532 0.3619308 0.1504544 0.3419715 0.0437783 0.3401418 0.0421057 0.1565819 
AC0096-Ca_UGS_gt0_zzb1_dup0_indel1_clu1_tag0  0.3128171 0.3362100 0.3048979 0.3014557 0.3061531 0.3053977 0.3057183 0.0559852 0.0562936 0.3055561 0.3182187 0.3255264 0.0000000 0.3256432 0.3034996 0.2953632 0.3146920 0.3025089 0.3077344 0.2972925 0.3068165 0.3118761 0.0558378 0.3046597 0.0559852 0.3029348 0.2954647 0.3061766 0.2891409 0.2969404 0.3056107 0.0561313 0.2927067 0.3006327 0.2832943 0.3120860 0.0611621 0.3019209 0.3045947 0.3056440 0.0563077 0.3058655 0.2484031 0.3074977 0.2222585 0.3248987 0.3058897 0.1410854 0.3051112 0.1613681 0.1535464 0.2858544 0.3457110 0.3097005 0.0494418 0.2925190 0.3175123 0.3014972 0.3238342 0.3146274 0.3297802 0.0562977 0.2903403 0.1005208 0.2313319 0.0947171 0.3056130 0.3074775 0.3160128 0.3056858 0.3069057 0.0837148 0.2968459 0.2988046 0.2836336 0.3051112 0.0561374 0.0493202 0.2288030 0.0562938 0.3003176 0.3058088 0.3064439 0.2480549 0.3064521 0.3454064 0.3059848 0.3061531 0.2803759 0.2994856 0.3062463 0.3056440 0.3056533 0.1738087 0.2932690 0.3061766 0.3050982 0.3130930 0.3094704 0.2485160 0.3059399 0.0564437 0.3061085 0.1594911 0.2834676 0.3076887 0.2936425 0.3010684 0.3020085 0.2946027 0.3436735 0.0819328 0.2628805 0.3381055 0.0529838 0.3497128 0.3077307 0.1703415 0.1500146 0.3064880 0.2970923 0.3059315 0.3434736 0.3162644 0.3082154 0.3119705 0.2853609 0.3074318 0.1389534 0.0556671 0.3051175 0.3051030 0.3059157 0.0553393 0.3161676 0.3037768 0.0591427 0.2784811 0.2226620 0.3054763 0.3056700 0.3063982 0.3050971 0.3059848 0.3052552 0.3047380 0.3178466 0.3061674 0.3439952 0.3280451 0.0562977 0.2480312 0.3441663 0.0567592 0.3064817 0.3061347 0.3076619 0.1416894 0.1437419 0.3070383 0.2998305 0.2965648 0.3364294 0.3061851 0.3062649 0.3056533 0.0559789 0.3071921 0.0552004 0.3057680 0.3059546 0.3054068 0.0561412 0.3347388 0.3066391 0.3295512 0.2370236 0.2987220 0.3056433 0.0542153 0.3222584 0.2749449 0.3042639 0.3048023 0.3062276 0.3439591 0.2958328 0.0562834 0.3052052 0.2232925 0.3054222 0.3151774 
AC0096-Cb_UGS_gt1_zzb1_dup0_indel1_clu0_tag1  0.0523764 0.1093380 0.0125237 0.0232939 0.0108254 0.0115288 0.0111105 0.3358266 0.3358266 0.0108311 0.0359215 0.0437302 0.3256432 0.0000000 0.0196548 0.2976649 0.0429259 0.0274781 0.0416816 0.0993610 0.0108311 0.1295079 0.3360236 0.0187956 0.3358266 0.0153719 0.0971900 0.0105459 0.2087952 0.0626757 0.0111109 0.3366450 0.1121754 0.0679715 0.0654763 0.3454840 0.3220859 0.0226891 0.0116745 0.0108279 0.3357910 0.0109677 0.3457770 0.0261834 0.3364383 0.3322970 0.0109685 0.3306047 0.0111102 0.1464519 0.3147571 0.1684929 0.3576211 0.0264720 0.2975811 0.1636099 0.1088715 0.1588547 0.1163099 0.1326124 0.1040015 0.3358643 0.1448315 0.3245810 0.1315463 0.3211613 0.0122316 0.0276471 0.0567130 0.0108254 0.0116791 0.3587945 0.3490255 0.0643813 0.0675133 0.0111102 0.3355697 0.3312201 0.3014058 0.3353025 0.0225415 0.0115307 0.0109709 0.3459449 0.0723117 0.2733268 0.0112556 0.0108254 0.3047682 0.1398236 0.0113952 0.0108279 0.0111083 0.2302435 0.0639149 0.0105459 0.0136472 0.1761159 0.0430728 0.3454014 0.0109699 0.3351714 0.0115360 0.1988877 0.0896581 0.3196987 0.1904562 0.1719635 0.0900048 0.0547804 0.3704980 0.3149140 0.0608944 0.3539296 0.3289887 0.2869833 0.0448613 0.3181879 0.3219830 0.0106881 0.1258822 0.0106857 0.3700762 0.2871372 0.0305203 0.1391053 0.1343427 0.0150690 0.3247731 0.3359006 0.0205327 0.0111105 0.0112497 0.3363877 0.0350432 0.0136469 0.3343465 0.1381929 0.3207202 0.0121003 0.0113896 0.0106857 0.0113963 0.0112556 0.0179305 0.0229708 0.3035473 0.0108268 0.3701044 0.3444027 0.3369875 0.3427809 0.3700413 0.3355821 0.0112526 0.0111090 0.0488362 0.3221896 0.3035642 0.0109709 0.1670378 0.0895271 0.3352994 0.0111105 0.0108285 0.0111083 0.3359265 0.0232804 0.3366222 0.0113926 0.0106863 0.0112523 0.3360837 0.3360338 0.0113904 0.1038368 0.3300875 0.0939885 0.0111083 0.3357769 0.0211033 0.2847108 0.0167909 0.0634204 0.0108276 0.3707384 0.1228905 0.3363877 0.0122384 0.3352185 0.0109685 0.1329964 
AC0097-Ca_UGS_gt1_zzb1_dup1_indel1_clu0_tag1  0.0599893 0.1175270 0.0091528 0.0104263 0.0088696 0.0090080 0.0088704 0.3327423 0.3327423 0.0088712 0.0434970 0.0511810 0.3034996 0.0196548 0.0000000 0.2926818 0.0506269 0.0260385 0.0399018 0.0820993 0.0091538 0.1132574 0.3318233 0.0170917 0.3327423 0.0074688 0.0833082 0.0088701 0.2082703 0.0611202 0.0088707 0.3329256 0.0975210 0.0594208 0.0591364 0.3415023 0.3206783 0.0209726 0.0091520 0.0085894 0.3327069 0.0087287 0.3437794 0.0238697 0.3320820 0.3279766 0.0087293 0.3293761 0.0088701 0.1292461 0.3088315 0.1523910 0.3499770 0.0312034 0.2810968 0.1438713 0.1170338 0.1411251 0.1247743 0.1327160 0.1135037 0.3327795 0.1267767 0.3284486 0.1163048 0.3249011 0.0083095 0.0259142 0.0655520 0.0085903 0.0097152 0.3527668 0.3444865 0.0583563 0.0590050 0.0085908 0.3324865 0.3275299 0.2965146 0.3322206 0.0205320 0.0090096 0.0090106 0.3439462 0.0697773 0.2717604 0.0090139 0.0088696 0.3045521 0.1228458 0.0097159 0.0085894 0.0088716 0.2436379 0.0489007 0.0088701 0.0113960 0.1681087 0.0409951 0.3434042 0.0087304 0.3314598 0.0092933 0.2106276 0.0773100 0.3202302 0.1840626 0.1601860 0.0958804 0.0421623 0.3641553 0.2971867 0.0493116 0.3473897 0.3237898 0.3012811 0.0346344 0.3109963 0.3191367 0.0090116 0.1154141 0.0087302 0.3637944 0.2769202 0.0335058 0.1468122 0.1238999 0.0130966 0.3197397 0.3321851 0.0063596 0.0088704 0.0090123 0.3321843 0.0414051 0.0113956 0.3312683 0.1248554 0.3124538 0.0087348 0.0091518 0.0090095 0.0091540 0.0090139 0.0159461 0.0206735 0.2960113 0.0091502 0.3643260 0.3374449 0.3332655 0.3393563 0.3649291 0.3324986 0.0084495 0.0088692 0.0526042 0.3183757 0.3011068 0.0092933 0.1696705 0.0835075 0.3327005 0.0088704 0.0088721 0.0088716 0.3322107 0.0090152 0.3309172 0.0091542 0.0090101 0.0087319 0.3329983 0.3334322 0.0094320 0.1133363 0.3280351 0.0805514 0.0088716 0.3320611 0.0211134 0.2822822 0.0148104 0.0483547 0.0088713 0.3644490 0.1128762 0.3326697 0.0102730 0.3308698 0.0087293 0.1331003 
AC0097-Cb_UGS_gt0_zzb1_dup1_indel1_clu2_tag0  0.2890126 0.3135610 0.2950964 0.2888091 0.2944862 0.2943314 0.2940432 0.2977355 0.2972711 0.2940305 0.3005865 0.2993758 0.2953632 0.2976649 0.2926818 0.0000000 0.2922388 0.2904633 0.2996165 0.2957629 0.2946734 0.2987673 0.2986017 0.2931030 0.2977355 0.2929498 0.2887915 0.2940513 0.2830084 0.2799832 0.2940428 0.2985081 0.2910255 0.2848315 0.2896792 0.3099756 0.2913285 0.2909763 0.2944617 0.2945717 0.2971987 0.2947893 0.2854235 0.2963052 0.2905604 0.2963490 0.2948124 0.3048503 0.2940507 0.2969904 0.2764619 0.3030895 0.3183683 0.2936194 0.2907811 0.3140651 0.2817403 0.3107588 0.3023444 0.2962567 0.2931306 0.2977675 0.2923888 0.3025821 0.2858549 0.2998046 0.2939588 0.2966988 0.2828728 0.2944866 0.2947415 0.3193135 0.3118859 0.2916870 0.2919812 0.2945091 0.2979562 0.2956618 0.3007849 0.2972400 0.2911601 0.2942378 0.2948959 0.2858257 0.2969503 0.3140680 0.2943045 0.2944862 0.2649621 0.2707666 0.2936361 0.2945717 0.2939574 0.2917805 0.2923293 0.2940513 0.2932729 0.2910316 0.2946117 0.2858257 0.2942607 0.2990042 0.2950213 0.2945150 0.2934317 0.3206567 0.2556283 0.2698699 0.2927463 0.2906967 0.3333152 0.3031485 0.2981507 0.3236194 0.2861589 0.3224398 0.2982457 0.2836263 0.2642354 0.2943542 0.2919099 0.2942687 0.3324403 0.1699358 0.2958203 0.2982649 0.2774864 0.2962287 0.2882646 0.2982636 0.2812869 0.2946423 0.2941128 0.2976716 0.2972022 0.2922889 0.2962859 0.2932492 0.2785551 0.2933659 0.2943306 0.2942687 0.2934398 0.2943045 0.2946395 0.2964133 0.1295679 0.2940429 0.3329502 0.3076410 0.2983601 0.3098794 0.3330574 0.2984295 0.2941901 0.2950526 0.2857283 0.2887595 0.2661212 0.2938339 0.2978114 0.2739699 0.3211310 0.2951007 0.2945926 0.2939574 0.2978228 0.2808815 0.2980240 0.2939658 0.2938335 0.2941982 0.2975148 0.3199551 0.2943622 0.2929122 0.2757487 0.2930312 0.2939888 0.2962129 0.3000729 0.2889380 0.2931091 0.2967799 0.2939579 0.3318806 0.2897568 0.2987279 0.2947884 0.2917008 0.2948124 0.2972481 
AC0098-Ca_UGS_gt1_zzb2_dup1_indel2_clu0_tag1  0.0489167 0.1005093 0.0435402 0.0546053 0.0414066 0.0415504 0.0414105 0.3245999 0.3245999 0.0411155 0.0422193 0.0538735 0.3146920 0.0429259 0.0506269 0.2922388 0.0000000 0.0603055 0.0672461 0.1367016 0.0414291 0.1673799 0.3241737 0.0487640 0.3245999 0.0460300 0.1342584 0.0411104 0.2193293 0.0818207 0.0414124 0.3247825 0.1509090 0.1028013 0.1003567 0.3332000 0.3201071 0.0529493 0.0420192 0.0411031 0.3245654 0.0412512 0.3344293 0.0498671 0.3252272 0.3273469 0.0412540 0.3253217 0.0414094 0.1860984 0.3038898 0.2121854 0.3431022 0.0492078 0.3068141 0.2070842 0.1013500 0.1933263 0.1126040 0.1613724 0.0977586 0.3246359 0.1859331 0.3135187 0.1698412 0.3095669 0.0429158 0.0523378 0.0615096 0.0414066 0.0420367 0.3442172 0.3369932 0.0988941 0.1008373 0.0414094 0.3243468 0.3195364 0.2960843 0.3240842 0.0518518 0.0418569 0.0412636 0.3340566 0.0871804 0.2860557 0.0415786 0.0414066 0.3002236 0.1811260 0.0420399 0.0411031 0.0417161 0.2207052 0.0983961 0.0411104 0.0441311 0.1730398 0.0761543 0.3340566 0.0412597 0.3233316 0.0418767 0.1893520 0.1266083 0.3178875 0.2014318 0.2025610 0.0932079 0.0888131 0.3557540 0.3239502 0.0740253 0.3369198 0.3180382 0.2839682 0.0771298 0.3055318 0.3170181 0.0412685 0.1638159 0.0412585 0.3553441 0.3166703 0.0439176 0.1433782 0.1646313 0.0417216 0.3184881 0.3245290 0.0519183 0.0414106 0.0418699 0.3245294 0.0455014 0.0408267 0.3231405 0.1788633 0.3091354 0.0427996 0.0420182 0.0412585 0.0420290 0.0415786 0.0490857 0.0479742 0.3084906 0.0414124 0.3553712 0.3393928 0.3251171 0.3308324 0.3559674 0.3243584 0.0415673 0.0414048 0.0513189 0.3131539 0.2928247 0.0412782 0.1571549 0.1252697 0.3293520 0.0414105 0.0414190 0.0417161 0.3240745 0.0548805 0.3227957 0.0420297 0.0412613 0.0415661 0.3248532 0.3300821 0.0420213 0.0975953 0.3189839 0.1312237 0.0414167 0.3228078 0.0487302 0.2840672 0.0478649 0.0979353 0.0414151 0.3559908 0.1610030 0.3245294 0.0426256 0.3240245 0.0412540 0.1617822 
AC0098-Cb_UGS_gt1_zzb2_dup1_indel2_clu0_tag1  0.0533373 0.1015711 0.0193593 0.0300223 0.0170668 0.0172123 0.0176428 0.3310200 0.3310200 0.0176444 0.0458655 0.0488586 0.3025089 0.0274781 0.0260385 0.2904633 0.0603055 0.0000000 0.0395145 0.1069921 0.0176445 0.1286636 0.3301039 0.0190545 0.3310200 0.0216920 0.1051041 0.0173520 0.2244708 0.0553375 0.0173531 0.3318322 0.1203426 0.0751040 0.0722330 0.3363997 0.3228978 0.0226577 0.0176409 0.0173550 0.3309848 0.0174965 0.3414203 0.0244008 0.3316561 0.3204012 0.0174977 0.3270615 0.0176423 0.1462191 0.3106010 0.1776573 0.3444968 0.0311460 0.2921817 0.1723306 0.1075091 0.1671070 0.1161300 0.1398354 0.1050598 0.3310569 0.1532015 0.3192346 0.1309311 0.3153783 0.0187785 0.0255678 0.0643422 0.0170668 0.0185086 0.3455967 0.3446478 0.0714812 0.0667639 0.0170679 0.3312493 0.3270433 0.2998805 0.3304998 0.0190469 0.0172094 0.0177861 0.3415856 0.0626964 0.2829819 0.0175022 0.0170668 0.2974364 0.1480776 0.0179267 0.0173550 0.0170650 0.2271500 0.0706663 0.0173520 0.0202184 0.1756248 0.0410298 0.3410459 0.0175000 0.3303684 0.0180769 0.1955617 0.0970922 0.3174408 0.1999288 0.1655589 0.1026815 0.0619992 0.3576348 0.2928785 0.0604860 0.3471373 0.3192213 0.2836509 0.0500749 0.3060402 0.3199719 0.0174977 0.1230221 0.0172094 0.3567253 0.2920636 0.0358254 0.1389630 0.1351778 0.0216650 0.3226643 0.3310927 0.0272249 0.0173515 0.0172087 0.3304636 0.0406972 0.0202179 0.3295495 0.1464137 0.3165174 0.0189356 0.0170662 0.0172094 0.0176449 0.0175022 0.0179058 0.0223675 0.3104071 0.0176374 0.3572517 0.3334001 0.3321713 0.3373458 0.3571912 0.3312614 0.0177880 0.0176404 0.0500312 0.3233764 0.2996073 0.0177861 0.1763377 0.0876237 0.3336378 0.0176428 0.0173559 0.0170650 0.3311183 0.0273683 0.3303096 0.0173549 0.0174947 0.0172128 0.3312753 0.3343704 0.0176357 0.1048948 0.3258327 0.1018648 0.0170649 0.3314257 0.0343051 0.2679584 0.0173422 0.0701489 0.0173543 0.3573716 0.1223058 0.3315767 0.0190743 0.3298000 0.0174977 0.1402251 
AC0099-Ca_UGS_gt1_zzb2_dup0_indel2_clu3_tag1  0.0661953 0.1249184 0.0329940 0.0437503 0.0306108 0.0313489 0.0309170 0.3383810 0.3383810 0.0306273 0.0536000 0.0568840 0.3077344 0.0416816 0.0399018 0.2996165 0.0672461 0.0395145 0.0000000 0.1237836 0.0306273 0.1346855 0.3385788 0.0282493 0.3383810 0.0354129 0.1156143 0.0303205 0.2281372 0.0708896 0.0306234 0.3392040 0.1312121 0.0731322 0.0873580 0.3491682 0.3265277 0.0325304 0.0315103 0.0306182 0.3378058 0.0307634 0.3466234 0.0328329 0.3377218 0.3354063 0.0307655 0.3390742 0.0309161 0.1417412 0.3200121 0.1780733 0.3578222 0.0379312 0.3077551 0.1755838 0.1245749 0.1666087 0.1352847 0.1422644 0.1217318 0.3384192 0.1543460 0.3270778 0.1347255 0.3236354 0.0320837 0.0133794 0.0907768 0.0306108 0.0315233 0.3578903 0.3522714 0.0746322 0.0781312 0.0309161 0.3381227 0.3268523 0.3064461 0.3378540 0.0303153 0.0310593 0.0307725 0.3467918 0.0664444 0.2776490 0.0310771 0.0306108 0.2747796 0.1468890 0.0312216 0.0306182 0.0306160 0.2342402 0.0861358 0.0303205 0.0332779 0.1851794 0.0641587 0.3462475 0.0307697 0.3377229 0.0313691 0.2074498 0.1075035 0.3200534 0.1885852 0.1743918 0.1167842 0.0767993 0.3715435 0.3053332 0.0656073 0.3559397 0.3187776 0.2877937 0.0664105 0.2854509 0.3260338 0.0304729 0.1276075 0.0304656 0.3706118 0.3161055 0.0414853 0.1420825 0.1551769 0.0318106 0.3344190 0.3384558 0.0402405 0.0309170 0.0310603 0.3389453 0.0495017 0.0335736 0.3383614 0.1478212 0.3189535 0.0319621 0.0312057 0.0304656 0.0315176 0.0310771 0.0282502 0.0263322 0.3356758 0.0300281 0.3711489 0.3480583 0.3395488 0.3452722 0.3710855 0.3375962 0.0310687 0.0309128 0.0590471 0.3261345 0.3035937 0.0307726 0.1865757 0.0965551 0.3385767 0.0309170 0.0306199 0.0306160 0.3384820 0.0406860 0.3371738 0.0312141 0.0301753 0.0310678 0.3386394 0.3388285 0.0312079 0.1215620 0.3309136 0.1130951 0.0309107 0.3399438 0.0450724 0.2844005 0.0282598 0.0859893 0.0306170 0.3702003 0.1264241 0.3389453 0.0321021 0.3358481 0.0307655 0.1426570 
AC0099-Cb_UGS_gt1_zzb2_dup0_indel2_clu4_tag1  0.1479159 0.2174070 0.0868017 0.0860372 0.0864683 0.0869449 0.0864768 0.3263973 0.3263973 0.0864854 0.1280212 0.1372204 0.2972925 0.0993610 0.0820993 0.2957629 0.1367016 0.1069921 0.1237836 0.0000000 0.0868432 0.1107660 0.3266837 0.0963727 0.3263973 0.0840370 0.1014379 0.0864743 0.2401016 0.1035375 0.0864495 0.3265801 0.1031985 0.1125424 0.0892094 0.3257473 0.3144510 0.0972507 0.0861047 0.0861327 0.3263625 0.0862926 0.3330863 0.1044890 0.3210871 0.3290965 0.0862986 0.3230792 0.0861170 0.1249885 0.3057440 0.1515164 0.3567087 0.1132465 0.2752147 0.0831153 0.2153482 0.1455626 0.2239737 0.1358255 0.2124560 0.3264336 0.1221664 0.3305622 0.1126862 0.3128585 0.0864502 0.1069535 0.1540258 0.0864685 0.0875159 0.3462491 0.3495020 0.0993304 0.0979517 0.0861170 0.3261435 0.3212276 0.2994827 0.3258802 0.1004654 0.0866035 0.0866455 0.3335106 0.1288069 0.2957889 0.0866481 0.0864683 0.2983322 0.1212594 0.0868550 0.0861327 0.0864594 0.3182038 0.0821663 0.0864743 0.0871381 0.1653372 0.1252109 0.3329770 0.0863109 0.3251256 0.0870038 0.3073579 0.0881073 0.3087459 0.1742225 0.2059920 0.1370146 0.0867912 0.3687798 0.2911631 0.1213698 0.3518772 0.3161099 0.3016857 0.1123801 0.3032456 0.3107373 0.0866562 0.1183986 0.0863084 0.3678522 0.2712024 0.1158716 0.2428764 0.1313739 0.0915403 0.3186396 0.3258453 0.0864766 0.0861508 0.0866310 0.3257030 0.1255274 0.0894646 0.3249345 0.1239311 0.2423117 0.0870105 0.0867911 0.0866343 0.0868142 0.0866481 0.0949873 0.1006236 0.2896484 0.0868073 0.3683874 0.3332761 0.3269158 0.3211933 0.3684312 0.3261552 0.0859668 0.0864645 0.1389672 0.3186027 0.2919224 0.0870033 0.2512562 0.0994804 0.3181778 0.0864768 0.0864953 0.0864594 0.3258704 0.0896667 0.3236283 0.0868155 0.0866404 0.0862952 0.3266511 0.3184229 0.0867979 0.2122614 0.3331868 0.0900910 0.0864586 0.3257208 0.1011222 0.2744928 0.0936491 0.0857528 0.0864867 0.3685122 0.1158417 0.3253642 0.0861395 0.3229696 0.0862986 0.1362128 
