48
AC0090-Ca_UGS_gt1_zzb2_dup0_indel2_clu0_tag1  0.0000000 0.0000010 0.4699578 0.4699578 0.4336041 0.0017202 0.2567149 0.0996779 0.4705607 0.6426317 0.4240526 0.4271748 0.5664303 0.0104408 0.5029420 0.5382911 0.4746220 0.3917864 0.2567149 0.0959627 0.5324671 0.3514516 0.6426317 0.4666321 0.4314980 0.1204048 0.0034524 0.3837640 0.3941082 0.2384569 0.5324671 0.4666321 0.4400952 0.3892572 0.4336041 0.3918539 0.2043460 0.3733939 0.4271748 0.4633667 0.4741280 0.2536194 0.2903963 0.4705607 0.4666374 0.0017190 0.3878289 0.4240526 
AC0090-Cb_UGS_gt1_zzb2_dup0_indel2_clu0_tag1  0.0000010 0.0000000 0.4699578 0.4699578 0.4336041 0.0017202 0.2567149 0.0996779 0.4705607 0.6426317 0.4240526 0.4271748 0.5664303 0.0104408 0.5029420 0.5382911 0.4746220 0.3917864 0.2567149 0.0959627 0.5324671 0.3514516 0.6426317 0.4666321 0.4314980 0.1204048 0.0034524 0.3837640 0.3941082 0.2384569 0.5324671 0.4666321 0.4400952 0.3892572 0.4336041 0.3918539 0.2043460 0.3733939 0.4271748 0.4633667 0.4741280 0.2536194 0.2903963 0.4705607 0.4666374 0.0017190 0.3878289 0.4240526 
AC0093-Cb_UGS_gt0_zzb1_dup1_indel1_clu1_tag0  0.4699578 0.4699578 0.0000000 0.0000010 0.5319209 0.4657903 0.4858828 0.4338834 0.4087951 0.6016596 0.4595579 0.4628235 0.4645574 0.4547302 0.6062854 0.6118987 0.0017153 0.4812186 0.4858828 0.4353462 0.5559044 0.5250935 0.6016596 0.6031945 0.3478431 0.4715289 0.4613851 0.1541503 0.4499687 0.4068858 0.5559044 0.6031945 0.1156102 0.2018819 0.5319209 0.3731082 0.4385501 0.3540722 0.4628235 0.5994739 0.0017132 0.3501700 0.3628231 0.4087951 0.0017136 0.4660049 0.4968603 0.4595579 
AC0094-Ca_UGS_gt0_zzb1_dup0_indel1_clu1_tag0  0.4699578 0.4699578 0.0000010 0.0000000 0.5319209 0.4657903 0.4858828 0.4338834 0.4087951 0.6016596 0.4595579 0.4628235 0.4645574 0.4547302 0.6062854 0.6118987 0.0017153 0.4812186 0.4858828 0.4353462 0.5559044 0.5250935 0.6016596 0.6031945 0.3478431 0.4715289 0.4613851 0.1541503 0.4499687 0.4068858 0.5559044 0.6031945 0.1156102 0.2018819 0.5319209 0.3731082 0.4385501 0.3540722 0.4628235 0.5994739 0.0017132 0.3501700 0.3628231 0.4087951 0.0017136 0.4660049 0.4968603 0.4595579 
AC0097-Cb_UGS_gt0_zzb1_dup1_indel1_clu2_tag0  0.4336041 0.4336041 0.5319209 0.5319209 0.0000000 0.4297335 0.5162956 0.3965165 0.4456959 0.3020502 0.3326072 0.3293769 0.5609702 0.4193536 0.4722748 0.4963942 0.5369198 0.6180151 0.5162956 0.4015946 0.6530102 0.5601015 0.3020502 0.5720552 0.2677166 0.2366609 0.4417108 0.5058725 0.3243675 0.3689332 0.6530102 0.5720552 0.4904299 0.4260986 0.0000010 0.4163436 0.3878113 0.3400176 0.3293769 0.5684557 0.5363954 0.2698220 0.3315187 0.4456959 0.5284464 0.4299040 0.5055240 0.3326072 
AC0098-Cb_UGS_gt1_zzb2_dup1_indel2_clu0_tag1  0.0017202 0.0017202 0.4657903 0.4657903 0.4297335 0.0000000 0.2596405 0.1018514 0.4663896 0.6374400 0.4202194 0.4233269 0.5711872 0.0122040 0.5072674 0.5338050 0.4704233 0.3880842 0.2596405 0.0980896 0.5279188 0.3479836 0.6374400 0.4707786 0.4353915 0.1226470 0.0051884 0.3874515 0.3977894 0.2355788 0.5279188 0.4707786 0.4360776 0.3855694 0.4297335 0.3881598 0.2070452 0.3698340 0.4233269 0.4674974 0.4699326 0.2506862 0.2873119 0.4663896 0.4624863 0.0034443 0.3841237 0.4202194 
AC0104-Ca_UGS_gt0_zzb1_dup1_indel1_clu5_tag0  0.2567149 0.2567149 0.4858828 0.4858828 0.5162956 0.2596405 0.0000000 0.2337990 0.5640153 0.6390907 0.5346734 0.5381607 0.5201608 0.2455538 0.2259840 0.6149306 0.4906082 0.3785503 0.0000010 0.2063498 0.1636469 0.3775708 0.6390907 0.5111683 0.4139219 0.2413940 0.2628801 0.4932788 0.5157032 0.4263633 0.1636469 0.5111683 0.4754353 0.3983334 0.5162956 0.4546752 0.2432698 0.3347839 0.5381607 0.5077916 0.4901084 0.3531048 0.3572578 0.5640153 0.4825402 0.2538277 0.3225703 0.5346734 
AC0108-Ca_UGS_gt1_zzb2_dup1_indel2_clu6_tag1  0.0996779 0.0996779 0.4338834 0.4338834 0.3965165 0.1018514 0.2337990 0.0000000 0.4032007 0.5896512 0.4382136 0.4414255 0.4689814 0.0911571 0.4615479 0.5578188 0.4383518 0.4476272 0.2337990 0.0696031 0.4892683 0.4125283 0.5896512 0.4882269 0.3867352 0.0940186 0.1041786 0.4784799 0.4073551 0.3003258 0.4892683 0.4882269 0.3729229 0.3561478 0.3965165 0.3248411 0.2209101 0.3120159 0.4414255 0.4848488 0.4378789 0.2936194 0.2332057 0.4032007 0.4306530 0.0975044 0.3790250 0.4382136 
AC0109-Ca_UGS_gt0_zzb0_dup0_indel0_clu7_tag0  0.4705607 0.4705607 0.4087951 0.4087951 0.4456959 0.4663896 0.5640153 0.4032007 0.0000000 0.6842759 0.5428396 0.5464053 0.5578992 0.4482147 0.6043502 0.7071621 0.4129812 0.5673647 0.5640153 0.4429569 0.6862303 0.5830518 0.6842759 0.6909771 0.3524652 0.4404771 0.4792688 0.4774119 0.5248407 0.2618754 0.6862303 0.6909771 0.4561895 0.3301821 0.4456959 0.4468958 0.4098606 0.4309883 0.5464053 0.6868956 0.4125398 0.3720916 0.2275404 0.0000010 0.4057338 0.4666049 0.5333037 0.5428396 
AC0112-Cb_UGS_gt0_zzb1_dup0_indel1_clu8_tag0  0.6426317 0.6426317 0.6016596 0.6016596 0.3020502 0.6374400 0.6390907 0.5896512 0.6842759 0.0000000 0.4598160 0.4559739 0.7035326 0.6242967 0.7056852 0.4362380 0.6071854 0.6906580 0.6390907 0.6026157 0.6650627 0.6950750 0.0000010 0.8361770 0.4662234 0.4278436 0.6321572 0.6105864 0.4574180 0.5798440 0.6650627 0.8361770 0.5813162 0.5057506 0.3020502 0.5115230 0.5540176 0.4930346 0.4559739 0.8316408 0.6066190 0.4110548 0.4853732 0.6842759 0.5979093 0.6378952 0.6060837 0.4598160 
AC0113-Cb_UGS_gt0_zzb1_dup1_indel1_clu9_tag0  0.4240526 0.4240526 0.4595579 0.4595579 0.3326072 0.4202194 0.5346734 0.4382136 0.5428396 0.4598160 0.0000000 0.0017371 0.5926463 0.4099130 0.3445866 0.3626941 0.4641134 0.5772004 0.5346734 0.4326760 0.6412002 0.5206201 0.4598160 0.5697820 0.3614357 0.3740984 0.4161362 0.4783218 0.0158646 0.4668823 0.6412002 0.5697820 0.4892407 0.3896224 0.3326072 0.3581259 0.4403361 0.3244152 0.0017371 0.5661825 0.4554872 0.3146877 0.4098562 0.5428396 0.4563004 0.4203809 0.5137626 0.0000010 
AC0114-Ca_UGS_gt0_zzb1_dup1_indel1_clu10_tag0 0.4271748 0.4271748 0.4628235 0.4628235 0.3293769 0.4233269 0.5381607 0.4414255 0.5464053 0.4559739 0.0017371 0.0000000 0.5963666 0.4129899 0.3474557 0.3593713 0.4673966 0.5808434 0.5381607 0.4358276 0.6450347 0.5240658 0.4559739 0.5734533 0.3643348 0.3706164 0.4192299 0.4816905 0.0176456 0.4702074 0.6450347 0.5734533 0.4926417 0.3926325 0.3293769 0.3610335 0.4365405 0.3272074 0.0000010 0.5698443 0.4587370 0.3174617 0.4129765 0.5464053 0.4595579 0.4234913 0.5096306 0.0017371 
AC0115-Ca_UGS_gt0_zzb1_dup0_indel1_clu11_tag0 0.5664303 0.5664303 0.4645574 0.4645574 0.5609702 0.5711872 0.5201608 0.4689814 0.5578992 0.7035326 0.5926463 0.5963666 0.0000000 0.5493945 0.6158303 0.7126575 0.4691846 0.5475457 0.5201608 0.5095694 0.6105840 0.5760773 0.7035326 0.2000271 0.4546072 0.5299757 0.5762512 0.5981948 0.5722806 0.5158325 0.6105840 0.2000271 0.5774197 0.2700340 0.5609702 0.4721845 0.5158376 0.4183325 0.5963666 0.2026290 0.4686945 0.3745583 0.4799806 0.5578992 0.4685408 0.5620175 0.5700345 0.5926463 
AC0116-Ca_UGS_gt1_zzb1_dup0_indel1_clu12_tag1 0.0104408 0.0104408 0.4547302 0.4547302 0.4193536 0.0122040 0.2455538 0.0911571 0.4482147 0.6242967 0.4099130 0.4129899 0.5493945 0.0000000 0.4872498 0.5221251 0.4592951 0.3780398 0.2455538 0.0876195 0.5160575 0.3446606 0.6242967 0.4841698 0.4239300 0.1116414 0.0139950 0.3700573 0.3804529 0.2327671 0.5160575 0.4841698 0.4253250 0.3755559 0.4193536 0.3781369 0.2209781 0.3664348 0.4129899 0.4808413 0.4588115 0.2478275 0.2787020 0.4482147 0.4514596 0.0121934 0.3805954 0.4099130 
AC0117-Ca_UGS_gt0_zzb1_dup0_indel1_clu14_tag1 0.5029420 0.5029420 0.6062854 0.6062854 0.4722748 0.5072674 0.2259840 0.4615479 0.6043502 0.7056852 0.3445866 0.3474557 0.6158303 0.4872498 0.0000000 1.0502474 0.6117631 0.5960674 0.2259840 0.4141615 0.3072375 0.5598973 0.7056852 0.6671123 0.4211140 0.4441649 0.5119361 0.5553033 0.3173456 0.5894418 0.3072375 0.6671123 0.5400172 0.4609703 0.4722748 0.4578898 0.4551925 0.3831320 0.3474557 0.6632202 0.6112027 0.4310954 0.4707634 0.6043502 0.6025728 0.4988713 0.4958191 0.3445866 
AC0117-Cb_UGS_gt0_zzb1_dup0_indel1_clu15_tag0 0.5382911 0.5382911 0.6118987 0.6118987 0.4963942 0.5338050 0.6149306 0.5578188 0.7071621 0.4362380 0.3626941 0.3593713 0.7126575 0.5221251 1.0502474 0.0000000 0.6055339 0.3934106 0.6149306 0.5357634 0.3751922 0.3834129 0.4362380 0.8152208 0.5743568 0.4899912 0.5291276 0.6106769 0.3790083 0.5658430 0.3751922 0.8152208 0.6465115 0.5848236 0.4963942 0.3816985 0.4751320 0.4987300 0.3593713 0.8209755 0.6069145 0.4752166 0.5565825 0.7071621 0.6081421 0.5341004 0.3640167 0.3626941 
AC0118-Cb_UGS_gt0_zzb1_dup1_indel1_clu1_tag0  0.4746220 0.4746220 0.0017153 0.0017153 0.5369198 0.4704233 0.4906082 0.4383518 0.4129812 0.6071854 0.4641134 0.4673966 0.4691846 0.4592951 0.6117631 0.6055339 0.0000000 0.4759141 0.4906082 0.4397606 0.5500402 0.5193931 0.6071854 0.6087823 0.3515920 0.4762290 0.4659889 0.1567182 0.4544769 0.4111327 0.5500402 0.6087823 0.1179691 0.2047953 0.5369198 0.3770594 0.4335134 0.3497485 0.4673966 0.6050403 0.0034371 0.3539986 0.3667774 0.4129812 0.0034378 0.4706436 0.4914346 0.4641134 
AC0119-Ca_UGS_gt0_zzb1_dup0_indel1_clu16_tag0 0.3917864 0.3917864 0.4812186 0.4812186 0.6180151 0.3880842 0.3785503 0.4476272 0.5673647 0.6906580 0.5772004 0.5808434 0.5475457 0.3780398 0.5960674 0.3934106 0.4759141 0.0000000 0.3785503 0.4279016 0.2233804 0.0604971 0.6906580 0.5953901 0.5372328 0.4656235 0.3995667 0.4220602 0.5667499 0.4971770 0.2233804 0.5953901 0.5176463 0.4424696 0.6180151 0.3455897 0.3412632 0.4883521 0.5808434 0.5916835 0.4854067 0.3557015 0.5148418 0.5673647 0.4852374 0.3882165 0.0959578 0.5772004 
AC0120-Cb_UGS_gt0_zzb1_dup1_indel1_clu18_tag0 0.2567149 0.2567149 0.4858828 0.4858828 0.5162956 0.2596405 0.0000010 0.2337990 0.5640153 0.6390907 0.5346734 0.5381607 0.5201608 0.2455538 0.2259840 0.6149306 0.4906082 0.3785503 0.0000000 0.2063498 0.1636469 0.3775708 0.6390907 0.5111683 0.4139219 0.2413940 0.2628801 0.4932788 0.5157032 0.4263633 0.1636469 0.5111683 0.4754353 0.3983334 0.5162956 0.4546752 0.2432698 0.3347839 0.5381607 0.5077916 0.4901084 0.3531048 0.3572578 0.5640153 0.4825402 0.2538277 0.3225703 0.5346734 
AC0122-Cb_UGS_gt1_zzb1_dup0_indel1_clu20_tag1 0.0959627 0.0959627 0.4353462 0.4353462 0.4015946 0.0980896 0.2063498 0.0696031 0.4429569 0.6026157 0.4326760 0.4358276 0.5095694 0.0876195 0.4141615 0.5357634 0.4397606 0.4279016 0.2063498 0.0000000 0.4395981 0.3972878 0.6026157 0.4899899 0.3687537 0.0993771 0.1003639 0.4468836 0.4024137 0.2806962 0.4395981 0.4899899 0.3746934 0.3585315 0.4015946 0.3422211 0.2039561 0.3018268 0.4358276 0.4866511 0.4392934 0.2499309 0.2370568 0.4429569 0.4321567 0.0938357 0.3646702 0.4326760 
AC0127-Cb_UGS_gt0_zzb0_dup0_indel0_clu21_tag0 0.5324671 0.5324671 0.5559044 0.5559044 0.6530102 0.5279188 0.1636469 0.4892683 0.6862303 0.6650627 0.6412002 0.6450347 0.6105840 0.5160575 0.3072375 0.3751922 0.5500402 0.2233804 0.1636469 0.4395981 0.0000000 0.2286775 0.6650627 0.6910908 0.4955344 0.5006556 0.5419004 0.5659514 0.6387099 0.6079450 0.0000010 0.6910908 0.5456875 0.4994849 0.6530102 0.3597009 0.3605893 0.4000132 0.6450347 0.6870742 0.5605078 0.4247914 0.5585232 0.6862303 0.5523631 0.5282127 0.1807745 0.6412002 
AC0130-Cb_UGS_gt0_zzb0_dup0_indel0_clu23_tag0 0.3514516 0.3514516 0.5250935 0.5250935 0.5601015 0.3479836 0.3775708 0.4125283 0.5830518 0.6950750 0.5206201 0.5240658 0.5760773 0.3446606 0.5598973 0.3834129 0.5193931 0.0604971 0.3775708 0.3972878 0.2286775 0.0000000 0.6950750 0.5780178 0.5076077 0.4093240 0.3587540 0.3984729 0.5106595 0.4711278 0.2286775 0.5780178 0.4898314 0.4769331 0.5601015 0.3241242 0.3192720 0.4077219 0.5240658 0.5743805 0.5295772 0.3227597 0.4799025 0.5830518 0.5216027 0.3480811 0.0895668 0.5206201 
AC0133-Cb_UGS_gt0_zzb1_dup0_indel1_clu8_tag0  0.6426317 0.6426317 0.6016596 0.6016596 0.3020502 0.6374400 0.6390907 0.5896512 0.6842759 0.0000010 0.4598160 0.4559739 0.7035326 0.6242967 0.7056852 0.4362380 0.6071854 0.6906580 0.6390907 0.6026157 0.6650627 0.6950750 0.0000000 0.8361770 0.4662234 0.4278436 0.6321572 0.6105864 0.4574180 0.5798440 0.6650627 0.8361770 0.5813162 0.5057506 0.3020502 0.5115230 0.5540176 0.4930346 0.4559739 0.8316408 0.6066190 0.4110548 0.4853732 0.6842759 0.5979093 0.6378952 0.6060837 0.4598160 
AC0135-Cb_UGS_gt0_zzb1_dup1_indel1_clu24_tag0 0.4666321 0.4666321 0.6031945 0.6031945 0.5720552 0.4707786 0.5111683 0.4882269 0.6909771 0.8361770 0.5697820 0.5734533 0.2000271 0.4841698 0.6671123 0.8152208 0.6087823 0.5953901 0.5111683 0.4899899 0.6910908 0.5780178 0.8361770 0.0000000 0.4984019 0.4979424 0.4752868 0.5805409 0.5497376 0.4477631 0.6910908 0.0000010 0.5743090 0.4024243 0.5720552 0.5603837 0.4106576 0.4510005 0.5734533 0.0017014 0.6082099 0.3823172 0.5121211 0.6909771 0.5994044 0.4626991 0.5336803 0.5697820 
AC0137-Ca_UGS_gt0_zzb1_dup0_indel1_clu25_tag0 0.4314980 0.4314980 0.3478431 0.3478431 0.2677166 0.4353915 0.4139219 0.3867352 0.3524652 0.4662234 0.3614357 0.3643348 0.4546072 0.4239300 0.4211140 0.5743568 0.3515920 0.5372328 0.4139219 0.3687537 0.4955344 0.5076077 0.4662234 0.4984019 0.0000000 0.4080829 0.4396502 0.4759385 0.3522360 0.3608036 0.4955344 0.4984019 0.4272226 0.2570310 0.2677166 0.3623955 0.3627021 0.3087119 0.3643348 0.5024695 0.3512059 0.2514419 0.3102293 0.3524652 0.3450172 0.4277763 0.4397341 0.3614357 
AC0137-Cb_UGS_gt1_zzb1_dup0_indel1_clu26_tag1 0.1204048 0.1204048 0.4715289 0.4715289 0.2366609 0.1226470 0.2413940 0.0940186 0.4404771 0.4278436 0.3740984 0.3706164 0.5299757 0.1116414 0.4441649 0.4899912 0.4762290 0.4656235 0.2413940 0.0993771 0.5006556 0.4093240 0.4278436 0.4979424 0.4080829 0.0000000 0.1250671 0.4525841 0.3457751 0.3192223 0.5006556 0.4979424 0.4212284 0.3902156 0.2366609 0.3578308 0.2018166 0.3392153 0.3706164 0.4945647 0.4757313 0.2833377 0.2396265 0.4404771 0.4681850 0.1181638 0.3695826 0.3740984 
AC0140-Cb_UGS_gt1_zzb1_dup2_indel1_clu0_tag1  0.0034524 0.0034524 0.4613851 0.4613851 0.4417108 0.0051884 0.2628801 0.1041786 0.4792688 0.6321572 0.4161362 0.4192299 0.5762512 0.0139950 0.5119361 0.5291276 0.4659889 0.3995667 0.2628801 0.1003639 0.5419004 0.3587540 0.6321572 0.4752868 0.4396502 0.1250671 0.0000000 0.3761322 0.3864938 0.2445228 0.5419004 0.4752868 0.4318089 0.3970080 0.4417108 0.3842074 0.2100196 0.3660167 0.4192299 0.4719913 0.4655012 0.2598039 0.2969015 0.4792688 0.4580959 0.0051839 0.3956181 0.4161362 
AC0150-Ca_UGS_gt0_zzb1_dup1_indel1_clu27_tag0 0.3837640 0.3837640 0.1541503 0.1541503 0.5058725 0.3874515 0.4932788 0.4784799 0.4774119 0.6105864 0.4783218 0.4816905 0.5981948 0.3700573 0.5553033 0.6106769 0.1567182 0.4220602 0.4932788 0.4468836 0.5659514 0.3984729 0.6105864 0.5805409 0.4759385 0.4525841 0.3761322 0.0000000 0.4601248 0.3157593 0.5659514 0.5805409 0.1344662 0.4407150 0.5058725 0.4134992 0.3984678 0.3554628 0.4816905 0.5768858 0.1565298 0.2939926 0.4053595 0.4774119 0.1519547 0.3802048 0.4517511 0.4783218 
AC0150-Cb_UGS_gt0_zzb1_dup1_indel1_clu28_tag0 0.3941082 0.3941082 0.4499687 0.4499687 0.3243675 0.3977894 0.5157032 0.4073551 0.5248407 0.4574180 0.0158646 0.0176456 0.5722806 0.3804529 0.3173456 0.3790083 0.4544769 0.5667499 0.5157032 0.4024137 0.6387099 0.5106595 0.4574180 0.5497376 0.3522360 0.3457751 0.3864938 0.4601248 0.0000000 0.4791441 0.6387099 0.5497376 0.4792841 0.3807265 0.3243675 0.3371801 0.4097138 0.3161222 0.0176456 0.5461979 0.4459402 0.3123904 0.4006506 0.5248407 0.4467318 0.3905622 0.5038790 0.0158646 
AC0151-Ca_UGS_gt0_zzb1_dup1_indel1_clu29_tag0 0.2384569 0.2384569 0.4068858 0.4068858 0.3689332 0.2355788 0.4263633 0.3003258 0.2618754 0.5798440 0.4668823 0.4702074 0.5158325 0.2327671 0.5894418 0.5658430 0.4111327 0.4971770 0.4263633 0.2806962 0.6079450 0.4711278 0.5798440 0.4477631 0.3608036 0.3192223 0.2445228 0.3157593 0.4791441 0.0000000 0.6079450 0.4477631 0.4091184 0.3239729 0.3689332 0.4789820 0.2669775 0.3582829 0.4702074 0.4445278 0.4106851 0.2788157 0.1937738 0.2618754 0.4037772 0.2356078 0.4691918 0.4668823 
AC0152-Cb_UGS_gt0_zzb1_dup0_indel1_clu21_tag0 0.5324671 0.5324671 0.5559044 0.5559044 0.6530102 0.5279188 0.1636469 0.4892683 0.6862303 0.6650627 0.6412002 0.6450347 0.6105840 0.5160575 0.3072375 0.3751922 0.5500402 0.2233804 0.1636469 0.4395981 0.0000010 0.2286775 0.6650627 0.6910908 0.4955344 0.5006556 0.5419004 0.5659514 0.6387099 0.6079450 0.0000000 0.6910908 0.5456875 0.4994849 0.6530102 0.3597009 0.3605893 0.4000132 0.6450347 0.6870742 0.5605078 0.4247914 0.5585232 0.6862303 0.5523631 0.5282127 0.1807745 0.6412002 
AC0156-Ca_UGS_gt0_zzb1_dup1_indel1_clu24_tag0 0.4666321 0.4666321 0.6031945 0.6031945 0.5720552 0.4707786 0.5111683 0.4882269 0.6909771 0.8361770 0.5697820 0.5734533 0.2000271 0.4841698 0.6671123 0.8152208 0.6087823 0.5953901 0.5111683 0.4899899 0.6910908 0.5780178 0.8361770 0.0000010 0.4984019 0.4979424 0.4752868 0.5805409 0.5497376 0.4477631 0.6910908 0.0000000 0.5743090 0.4024243 0.5720552 0.5603837 0.4106576 0.4510005 0.5734533 0.0017014 0.6082099 0.3823172 0.5121211 0.6909771 0.5994044 0.4626991 0.5336803 0.5697820 
AC0158-Ca_UGS_gt0_zzb0_dup0_indel0_clu31_tag0 0.4400952 0.4400952 0.1156102 0.1156102 0.4904299 0.4360776 0.4754353 0.3729229 0.4561895 0.5813162 0.4892407 0.4926417 0.5774197 0.4253250 0.5400172 0.6465115 0.1179691 0.5176463 0.4754353 0.3746934 0.5456875 0.4898314 0.5813162 0.5743090 0.4272226 0.4212284 0.4318089 0.1344662 0.4792841 0.4091184 0.5456875 0.5743090 0.0000000 0.3872750 0.4904299 0.3412822 0.3894847 0.3005970 0.4926417 0.5706441 0.1178249 0.3225600 0.3514002 0.4561895 0.1135269 0.4362597 0.4306549 0.4892407 
AC0158-Cb_UGS_gt0_zzb0_dup0_indel0_clu32_tag0 0.3892572 0.3892572 0.2018819 0.2018819 0.4260986 0.3855694 0.3983334 0.3561478 0.3301821 0.5057506 0.3896224 0.3926325 0.2700340 0.3755559 0.4609703 0.5848236 0.2047953 0.4424696 0.3983334 0.3585315 0.4994849 0.4769331 0.5057506 0.4024243 0.2570310 0.3902156 0.3970080 0.4407150 0.3807265 0.3239729 0.4994849 0.4024243 0.3872750 0.0000000 0.4260986 0.3234889 0.3626103 0.3091147 0.3926325 0.3993881 0.2045479 0.2719780 0.3270558 0.3301821 0.2045552 0.3856993 0.4575185 0.3896224 
AC0161-Ca_UGS_gt0_zzb1_dup0_indel1_clu33_tag0 0.4336041 0.4336041 0.5319209 0.5319209 0.0000010 0.4297335 0.5162956 0.3965165 0.4456959 0.3020502 0.3326072 0.3293769 0.5609702 0.4193536 0.4722748 0.4963942 0.5369198 0.6180151 0.5162956 0.4015946 0.6530102 0.5601015 0.3020502 0.5720552 0.2677166 0.2366609 0.4417108 0.5058725 0.3243675 0.3689332 0.6530102 0.5720552 0.4904299 0.4260986 0.0000000 0.4163436 0.3878113 0.3400176 0.3293769 0.5684557 0.5363954 0.2698220 0.3315187 0.4456959 0.5284464 0.4299040 0.5055240 0.3326072 
AC0162-Ca_UGS_gt0_zzb1_dup1_indel1_clu34_tag0 0.3918539 0.3918539 0.3731082 0.3731082 0.4163436 0.3881598 0.4546752 0.3248411 0.4468958 0.5115230 0.3581259 0.3610335 0.4721845 0.3781369 0.4578898 0.3816985 0.3770594 0.3455897 0.4546752 0.3422211 0.3597009 0.3241242 0.5115230 0.5603837 0.3623955 0.3578308 0.3842074 0.4134992 0.3371801 0.4789820 0.3597009 0.5603837 0.3412822 0.3234889 0.4163436 0.0000000 0.3814587 0.3234487 0.3610335 0.5567637 0.3695709 0.3099161 0.3958635 0.4468958 0.3701684 0.3882918 0.2771875 0.3581259 
AC0169-Cb_UGS_gt0_zzb1_dup1_indel1_clu35_tag1 0.2043460 0.2043460 0.4385501 0.4385501 0.3878113 0.2070452 0.2432698 0.2209101 0.4098606 0.5540176 0.4403361 0.4365405 0.5158376 0.2209781 0.4551925 0.4751320 0.4335134 0.3412632 0.2432698 0.2039561 0.3605893 0.3192720 0.5540176 0.4106576 0.3627021 0.2018166 0.2100196 0.3984678 0.4097138 0.2669775 0.3605893 0.4106576 0.3894847 0.3626103 0.3878113 0.3814587 0.0000000 0.3126861 0.4365405 0.4075702 0.4425475 0.2612658 0.2531188 0.4098606 0.4353245 0.2016649 0.2204255 0.4403361 
AC0170-Ca_UGS_gt0_zzb1_dup0_indel1_clu36_tag0 0.3733939 0.3733939 0.3540722 0.3540722 0.3400176 0.3698340 0.3347839 0.3120159 0.4309883 0.4930346 0.3244152 0.3272074 0.4183325 0.3664348 0.3831320 0.4987300 0.3497485 0.4883521 0.3347839 0.3018268 0.4000132 0.4077219 0.4930346 0.4510005 0.3087119 0.3392153 0.3660167 0.3554628 0.3161222 0.3582829 0.4000132 0.4510005 0.3005970 0.3091147 0.3400176 0.3234487 0.3126861 0.0000000 0.3272074 0.4477699 0.3575570 0.2656748 0.2771229 0.4309883 0.3511524 0.3699486 0.3730226 0.3244152 
AC0178-Ca_UGS_gt0_zzb0_dup0_indel0_clu10_tag0 0.4271748 0.4271748 0.4628235 0.4628235 0.3293769 0.4233269 0.5381607 0.4414255 0.5464053 0.4559739 0.0017371 0.0000010 0.5963666 0.4129899 0.3474557 0.3593713 0.4673966 0.5808434 0.5381607 0.4358276 0.6450347 0.5240658 0.4559739 0.5734533 0.3643348 0.3706164 0.4192299 0.4816905 0.0176456 0.4702074 0.6450347 0.5734533 0.4926417 0.3926325 0.3293769 0.3610335 0.4365405 0.3272074 0.0000000 0.5698443 0.4587370 0.3174617 0.4129765 0.5464053 0.4595579 0.4234913 0.5096306 0.0017371 
AC0179-Ca_UGS_gt0_zzb0_dup0_indel0_clu37_tag0 0.4633667 0.4633667 0.5994739 0.5994739 0.5684557 0.4674974 0.5077916 0.4848488 0.6868956 0.8316408 0.5661825 0.5698443 0.2026290 0.4808413 0.6632202 0.8209755 0.6050403 0.5916835 0.5077916 0.4866511 0.6870742 0.5743805 0.8316408 0.0017014 0.5024695 0.4945647 0.4719913 0.5768858 0.5461979 0.4445278 0.6870742 0.0017014 0.5706441 0.3993881 0.5684557 0.5567637 0.4075702 0.4477699 0.5698443 0.0000000 0.6044692 0.3793166 0.5163383 0.6868956 0.5956938 0.4594458 0.5301744 0.5661825 
AC0182-Ca_UGS_gt0_zzb0_dup0_indel0_clu1_tag0  0.4741280 0.4741280 0.0017132 0.0017132 0.5363954 0.4699326 0.4901084 0.4378789 0.4125398 0.6066190 0.4554872 0.4587370 0.4686945 0.4588115 0.6112027 0.6069145 0.0034371 0.4854067 0.4901084 0.4392934 0.5605078 0.5295772 0.6066190 0.6082099 0.3512059 0.4757313 0.4655012 0.1565298 0.4459402 0.4106851 0.5605078 0.6082099 0.1178249 0.2045479 0.5363954 0.3695709 0.4425475 0.3575570 0.4587370 0.6044692 0.0000000 0.3536037 0.3663669 0.4125398 0.0034335 0.4701522 0.5011376 0.4554872 
AC0182-Cb_UGS_gt0_zzb0_dup0_indel0_clu38_tag0 0.2536194 0.2536194 0.3501700 0.3501700 0.2698220 0.2506862 0.3531048 0.2936194 0.3720916 0.4110548 0.3146877 0.3174617 0.3745583 0.2478275 0.4310954 0.4752166 0.3539986 0.3557015 0.3531048 0.2499309 0.4247914 0.3227597 0.4110548 0.3823172 0.2514419 0.2833377 0.2598039 0.2939926 0.3123904 0.2788157 0.4247914 0.3823172 0.3225600 0.2719780 0.2698220 0.3099161 0.2612658 0.2656748 0.3174617 0.3793166 0.3536037 0.0000000 0.3021697 0.3720916 0.3472877 0.2507218 0.3482303 0.3146877 
AC0184-Ca_UGS_gt0_zzb1_dup1_indel1_clu39_tag0 0.2903963 0.2903963 0.3628231 0.3628231 0.3315187 0.2873119 0.3572578 0.2332057 0.2275404 0.4853732 0.4098562 0.4129765 0.4799806 0.2787020 0.4707634 0.5565825 0.3667774 0.5148418 0.3572578 0.2370568 0.5585232 0.4799025 0.4853732 0.5121211 0.3102293 0.2396265 0.2969015 0.4053595 0.4006506 0.1937738 0.5585232 0.5121211 0.3514002 0.3270558 0.3315187 0.3958635 0.2531188 0.2771229 0.4129765 0.5163383 0.3663669 0.3021697 0.0000000 0.2275404 0.3598659 0.2873664 0.4649216 0.4098562 
AC0186-Ca_UGS_gt0_zzb1_dup0_indel1_clu7_tag0  0.4705607 0.4705607 0.4087951 0.4087951 0.4456959 0.4663896 0.5640153 0.4032007 0.0000010 0.6842759 0.5428396 0.5464053 0.5578992 0.4482147 0.6043502 0.7071621 0.4129812 0.5673647 0.5640153 0.4429569 0.6862303 0.5830518 0.6842759 0.6909771 0.3524652 0.4404771 0.4792688 0.4774119 0.5248407 0.2618754 0.6862303 0.6909771 0.4561895 0.3301821 0.4456959 0.4468958 0.4098606 0.4309883 0.5464053 0.6868956 0.4125398 0.3720916 0.2275404 0.0000000 0.4057338 0.4666049 0.5333037 0.5428396 
AC0188-Cb_UGS_gt0_zzb1_dup1_indel1_clu1_tag0  0.4666374 0.4666374 0.0017136 0.0017136 0.5284464 0.4624863 0.4825402 0.4306530 0.4057338 0.5979093 0.4563004 0.4595579 0.4685408 0.4514596 0.6025728 0.6081421 0.0034378 0.4852374 0.4825402 0.4321567 0.5523631 0.5216027 0.5979093 0.5994044 0.3450172 0.4681850 0.4580959 0.1519547 0.4467318 0.4037772 0.5523631 0.5994044 0.1135269 0.2045552 0.5284464 0.3701684 0.4353245 0.3511524 0.4595579 0.5956938 0.0034335 0.3472877 0.3598659 0.4057338 0.0000000 0.4626972 0.4934921 0.4563004 
AC0190-Ca_UGS_gt1_zzb2_dup3_indel2_clu0_tag1  0.0017190 0.0017190 0.4660049 0.4660049 0.4299040 0.0034443 0.2538277 0.0975044 0.4666049 0.6378952 0.4203809 0.4234913 0.5620175 0.0121934 0.4988713 0.5341004 0.4706436 0.3882165 0.2538277 0.0938357 0.5282127 0.3480811 0.6378952 0.4626991 0.4277763 0.1181638 0.0051839 0.3802048 0.3905622 0.2356078 0.5282127 0.4626991 0.4362597 0.3856993 0.4299040 0.3882918 0.2016649 0.3699486 0.4234913 0.4594458 0.4701522 0.2507218 0.2873664 0.4666049 0.4626972 0.0000000 0.3842532 0.4203809 
AC0196-Cb_UGS_gt0_zzb1_dup1_indel1_clu40_tag0 0.3878289 0.3878289 0.4968603 0.4968603 0.5055240 0.3841237 0.3225703 0.3790250 0.5333037 0.6060837 0.5137626 0.5096306 0.5700345 0.3805954 0.4958191 0.3640167 0.4914346 0.0959578 0.3225703 0.3646702 0.1807745 0.0895668 0.6060837 0.5336803 0.4397341 0.3695826 0.3956181 0.4517511 0.5038790 0.4691918 0.1807745 0.5336803 0.4306549 0.4575185 0.5055240 0.2771875 0.2204255 0.3730226 0.5096306 0.5301744 0.5011376 0.3482303 0.4649216 0.5333037 0.4934921 0.3842532 0.0000000 0.5137626 
AC0202-Cb_UGS_gt0_zzb1_dup0_indel1_clu9_tag0  0.4240526 0.4240526 0.4595579 0.4595579 0.3326072 0.4202194 0.5346734 0.4382136 0.5428396 0.4598160 0.0000010 0.0017371 0.5926463 0.4099130 0.3445866 0.3626941 0.4641134 0.5772004 0.5346734 0.4326760 0.6412002 0.5206201 0.4598160 0.5697820 0.3614357 0.3740984 0.4161362 0.4783218 0.0158646 0.4668823 0.6412002 0.5697820 0.4892407 0.3896224 0.3326072 0.3581259 0.4403361 0.3244152 0.0017371 0.5661825 0.4554872 0.3146877 0.4098562 0.5428396 0.4563004 0.4203809 0.5137626 0.0000000 
